4.38490941101791
4.25731154681456
4.13254479462752
4.00613446186855
3.90588801686063
4.18239933078233
4.28595750218778
4.15067903683713
4.45020137635982
4.34161021186522
4.13881905232393
4.0966596896459
4.09613387157894
4.41417079442251
4.01036136436245
4.04709167737156
4.57156144613704
4.30352135616386
4.62775337449321
4.19633899383742
4.52667279231671
4.33523632381341
4.42532685144034
4.39355112052584
4.48000704303409
4.21810035606675
4.8643931731763
5.03282891312961
4.57269957517018
4.74604349488798
4.70956498452596
4.74891606956297
4.81426453943387
4.77877562994168
5.0610578592021
4.42334663717256
4.52483034564263
4.238500829398
4.53116652501558
4.61666897117568
4.4799319439972
4.43794325541662
4.7050890300718
4.73256559940614
4.63105414339948
4.82708296791617
4.92082611048228
4.62263787902848
4.16158073584842
4.18752758411638
4.00593113014405
4.22504784737577
4.16803636448252
5.50789074010695
4.74114519022634
4.80465059326988
5.04424708697644
3.8073439208018
4.07234367482434
4.62771481919527
4.83071662191861
5.16111912120533
4.79600323435882
4.67982129203767
4.24551206299819
4.36945228460981
4.27249698518309
4.37865069705718
4.30532462734311
3.74584342890991
3.78869978939615
3.80240328041092
3.32567415529565
3.77037248836512
3.86003208908235
4.05294014409296
3.96385718146595
3.92204815204752
3.97936657749333
3.93155487634539
3.99127237708229
3.78781568967875
3.78564846315996
3.73260022250017
3.66942641605397
3.73689202917955
3.44909440867567
3.49949073009689
3.93210976399488
3.72917499429195
3.75369512893045
4.17047543956499
3.99924101533513
3.68570987935266
3.62434093297637
4.042483914133
3.98613097758187
4.23188397624416
3.68580725507697
3.2188758248682
4.80740705248299
5.20394039093189
5.03708311663986
4.72511291250488
4.04555439805267
4.48796905317036
4.57996744738553
4.09583081466314
4.31379595834578
3.91839020062154
4.5696108839516
4.71224156604955
4.47971587983506
4.39785262330434
3.90294029085383
4.0570487774784
3.68618039714477
3.89161413379694
4.58111404313386
4.19622075379732
3.57555076880693
3.79892550726817
3.49283555506488
4.16607581101584
3.74860871141652
4.20812364834552
