4.06078777869326
4.66334475003916
4.08731994728514
4.17837929116517
4.18052225846315
4.00878667386045
4.13692500975722
4.30676415017333
4.26731699628995
4.26450918874542
4.04987007212027
4.12455040427917
4.08698420781581
4.18920009323478
4.11822383601204
4.17438726989564
4.58220857435074
4.54297558239497
4.61214579972452
4.15857053452137
4.63395198741354
4.4884116253779
4.65956366981842
4.55282370561588
4.44265125649032
4.31575327624259
4.53474772169155
5.03617307788409
4.9847703279012
4.89282725812737
4.3528552573736
4.30932152420325
4.30176515307107
4.31615389052317
4.52504414150881
4.38576962095272
4.28950007699614
4.39469603777454
4.300545392806
4.17207691076245
4.26296152751494
3.96271611974366
4.05802629954799
4.12906799828049
4.28826525485941
4.39814601655377
4.43793426661218
4.11561669749764
4.51261620437748
4.47722317165747
4.62369749060197
4.44417949989597
4.43899753093351
6.19524177593123
5.83273255574711
5.90903357312882
5.93325263735957
2.79116510781272
2.82435065679837
3.96328629936569
3.90962012081184
3.93437140909191
3.96726847965412
4.01132520650201
4.76234486036009
4.73830149859127
4.65481712587751
4.64294755032212
4.56954300834494
2.43624147780672
1.97962120639763
1.99061032797322
1.42791603581071
2.07317192866624
2.55178617862755
2.28033948404673
2.40604380136228
2.07191327525904
2.18605127673809
2.31648799816304
2.27212588550934
2.278292400425
4.19915492657445
4.18128649235591
4.28950007699614
4.24620691153135
3.2216719121702
3.18387021566939
2.84781214347737
4.33073334028633
4.23076760333174
3.59594145845467
3.47382807269706
1.15057202759882
1.21194097397511
3.80332358850481
0.955511445027436
1.75958057086382
0.488580014818671
0.542324290825362
2.28848616861454
3.54990470182335
3.68386691229039
3.26614101733532
3.02771531940704
3.24921102466427
3.19908119754002
3.00419635196612
3.26690379387878
2.64546532591059
3.13113691056019
3.46947888907856
1.92716410623426
2.25758772706331
1.71018781553424
1.6467336971778
1.31103187661934
1.37624402526639
2.46640317822344
2.4423470353692
1.77155676191054
1.93441576962958
1.76985463384001
2.31550131826059
1.97823903617067
2.51930807650533
