8.44569718971117
8.92065629685373
8.21986474191265
8.18451375303372
8.08641027532378
8.19118600464279
8.422882511945
8.45744318701046
8.71751837264977
8.60611940061064
8.1886891244442
8.22121009392507
8.18311807939475
8.60337088765729
8.1285852003745
8.22147894726719
9.15377002048779
8.84649693855884
9.23989917421773
8.35490952835879
9.16062477973025
8.8236479491913
9.08489052125877
8.94637482614172
8.9226582995244
8.53385363230935
9.39914089486785
10.0690019910137
9.55746990307138
9.63887075301534
9.06242024189956
9.05823759376623
9.11602969250494
9.09492952046486
9.5861020007109
8.80911625812527
8.81433042263877
8.63319686717254
8.83171191782158
8.78874588193814
8.74289347151214
8.40065937516029
8.76311532961979
8.86163359768663
8.91931939825889
9.22522898446993
9.35876037709446
8.73825457652612
8.6741969402259
8.66475075577385
8.62962862074603
8.66922734727174
8.60703389541603
11.7031325160382
10.5738777459735
10.7136841663987
10.977499724336
6.59850902861452
6.89669433162271
8.59100111856096
8.74033674273045
9.09549053029724
8.76327171401294
8.69114649853968
9.00785692335828
9.10775378320108
8.9273141110606
9.02159824737931
8.87486763568805
6.18208490671663
5.76832099579377
5.79301360838414
4.75359019110636
5.84354441703136
6.4118182677099
6.33327962813969
6.36990098282823
5.99396142730657
6.16541785423142
6.24804287450843
6.26339826259162
6.06610809010375
7.98480338973441
7.91388671485608
7.95892649305011
7.98309894071089
6.67076632084587
6.68336094576627
6.77992190747225
8.05990833457828
7.9844627322622
7.76641689801966
7.4730690880322
4.83628190695148
4.83628190695148
7.8458075026378
4.9416424226093
5.99146454710798
4.17438726989564
3.76120011569356
7.09589322109753
8.75384509275524
8.72095002893026
7.9912539298402
7.07326971745971
7.73718007783463
7.77904864492556
7.10002716662926
7.58069975222456
6.56385552653213
7.7007477945118
8.18172045512811
6.40687998606931
6.65544035036765
5.61312810638807
5.7037824746562
4.99721227376411
5.26785815906333
7.0475172213573
6.63856778916652
5.34710753071747
5.73334127689775
5.26269018890489
6.48157712927643
5.7268477475872
6.72743172485086
