gene1
0.1 0.0
0.4 0.0
gene2
10.0 0.0
70.0 0.0
gene3
0.1 0.0
40.0 0.0
gene4
0.0032 0.0
0.0032 0.0
gene5
0.1 0.0
0.4 0.0
gene6
10.0 0.0
70.0 0.0
gene7
0.1 0.0
40.0 0.0
gene8
0.0032 0.0
0.0032 0.0
gene9
0.1 0.0
0.4 0.0
gene10
10.0 0.0
70.0 0.0
gene11
0.1 0.0
40.0 0.0
gene12
0.0032 0.0
0.0032 0.0
gene13
0.1 0.0
0.4 0.0
gene14
10.0 0.0
70.0 0.0
gene15
0.1 0.0
40.0 0.0
gene16
0.0032 0.0
0.0032 0.0
gene17
0.1 0.0
0.4 0.0
gene18
10.0 0.0
70.0 0.0
gene19
0.1 0.0
40.0 0.0
gene20
0.0032 0.0
0.0032 0.0
gene21
0.1 0.0
0.4 0.0
gene22
10.0 0.0
70.0 0.0
gene23
0.1 0.0
40.0 0.0
gene24
0.0032 0.0
0.0032 0.0
gene25
0.1 0.0
0.4 0.0
gene26
10.0 0.0
70.0 0.0
gene27
0.1 0.0
40.0 0.0
gene28
0.0032 0.0
0.0032 0.0