gene1
-0.430336 0.0
-0.603349 0.0
gene2
9.278553 0.0
9.278553 0.0
gene3
4.089280 0.0
4.647757 0.0
gene4
8.066710 0.0
8.298735 0.0
gene5
6.971872 0.0
7.249981 0.0
gene6
-9.269434 0.0
-7.954554 0.0
gene7
4.055851 0.0
4.557266 0.0
gene8
1.683532 0.0
2.695182 0.0
gene9
-1.060663 0.0
-3.329592 0.0
gene10
3.362074 0.0
3.748147 0.0
gene11
7.281890 0.0
7.281890 0.0
gene12
4.254726 0.0
5.150511 0.0
gene13
-7.402763 0.0
-8.014313 0.0
gene14
-8.047191 0.0
-7.910210 0.0
gene15
9.579167 0.0
8.457421 0.0
gene16
-4.327823 0.0
-3.833019 0.0
gene17
1.677264 0.0
1.516950 0.0
gene18
-4.743617 0.0
-4.641477 0.0
gene19
-2.728382 0.0
-2.956705 0.0
gene20
-5.540171 0.0
-6.296112 0.0
gene21
-2.318885 0.0
-3.810563 0.0
gene22
1.068308 0.0
1.197990 0.0
gene23
4.120231 0.0
2.791107 0.0
gene24
2.504376 0.0
2.059944 0.0
gene25
-5.614565 0.0
-5.816232 0.0
gene26
0.684362 0.0
0.684362 0.0
gene27
7.601014 0.0
7.048241 0.0
gene28
2.083963 0.0
2.572309 0.0
gene29
-2.423457 0.0
-2.816737 0.0
gene30
-7.971077 0.0
-7.833988 0.0
gene31
4.430531 0.0
4.730090 0.0
gene32
8.092634 0.0
8.492269 0.0
gene33
2.137280 0.0
2.215289 0.0
gene34
8.452056 0.0
8.671560 0.0
gene35
0.065957 0.0
0.929236 0.0
gene36
-7.232158 0.0
-6.355893 0.0
gene37
-1.979721 0.0
-2.186133 0.0
gene38
-3.872843 0.0
-3.208688 0.0
gene39
-5.095375 0.0
-5.556791 0.0
gene40
2.703703 0.0
3.472707 0.0
gene41
4.718600 0.0
5.443366 0.0
gene42
-3.995974 0.0
-4.796087 0.0
gene43
-5.017879 0.0
-5.017879 0.0
gene44
2.128860 0.0
0.411797 0.0
gene45
-7.152694 0.0
-7.152694 0.0
gene46
-0.000322 0.0
-0.053479 0.0
gene47
6.323510 0.0
6.418714 0.0
gene48
-0.150621 0.0
-0.368191 0.0
gene49
-4.452947 0.0
-4.892263 0.0
gene50
-3.684887 0.0
-3.343684 0.0
gene51
-1.723792 0.0
-1.723792 0.0
gene52
4.279585 0.0
3.533808 0.0
gene53
-1.216841 0.0
-1.539519 0.0
gene54
4.373191 0.0
4.919472 0.0
gene55
-4.872924 0.0
-5.389087 0.0
gene56
9.455064 0.0
8.606234 0.0
gene57
1.660842 0.0
1.417219 0.0
gene58
-8.417345 0.0
-7.053892 0.0
gene59
-2.111125 0.0
-2.315298 0.0
gene60
-3.091106 0.0
-3.100343 0.0
gene61
-3.339851 0.0
-2.824808 0.0
gene62
-7.982057 0.0
-8.292755 0.0
gene63
4.502785 0.0
3.496085 0.0
gene64
-5.212537 0.0
-4.968546 0.0
gene65
2.370510 0.0
3.484199 0.0
gene66
1.994675 0.0
1.980849 0.0
gene67
3.464528 0.0
3.690675 0.0
gene68
6.598912 0.0
6.931631 0.0
gene69
4.128562 0.0
4.588760 0.0
gene70
-5.912059 0.0
-5.519549 0.0
gene71
9.661262 0.0
8.568485 0.0
gene72
-7.396910 0.0
-7.391176 0.0
gene73
-2.390124 0.0
-2.006163 0.0
gene74
5.267667 0.0
4.708287 0.0
gene75
-6.037696 0.0
-6.751880 0.0
gene76
2.512710 0.0
2.994264 0.0
gene77
-8.939988 0.0
-8.970547 0.0
gene78
-7.720401 0.0
-7.720401 0.0
gene79
8.870048 0.0
8.484134 0.0
gene80
5.700546 0.0
4.507304 0.0
gene81
2.497394 0.0
3.132917 0.0
gene82
-0.687305 0.0
-0.965741 0.0
gene83
5.521306 0.0
2.998714 0.0
gene84
1.101540 0.0
1.830419 0.0
gene85
-2.336634 0.0
-2.336634 0.0
gene86
1.017891 0.0
1.017891 0.0
gene87
-6.845803 0.0
-6.715333 0.0
gene88
3.842236 0.0
5.146420 0.0
gene89
-1.938195 0.0
-1.139724 0.0
gene90
-3.351317 0.0
-3.351317 0.0
gene91
-4.240884 0.0
-4.661783 0.0
gene92
0.148507 0.0
-0.102184 0.0
gene93
1.547784 0.0
1.339677 0.0
gene94
5.135080 0.0
5.021007 0.0
gene95
-8.647762 0.0
-8.035557 0.0
gene96
-1.734432 0.0
-0.735306 0.0
gene97
9.344863 0.0
9.071486 0.0
gene98
6.589676 0.0
6.462539 0.0
gene99
-7.475634 0.0
-6.914730 0.0
gene100
4.882536 0.0
6.134704 0.0
gene101
-2.844404 0.0
-2.093566 0.0
gene102
4.452782 0.0
3.710990 0.0
gene103
2.136882 0.0
2.885654 0.0
gene104
-2.692969 0.0
-2.912650 0.0
gene105
-3.062797 0.0
-2.823903 0.0
gene106
-1.117863 0.0
-1.117863 0.0
gene107
-6.664519 0.0
-7.887886 0.0
gene108
-5.482072 0.0
-5.363338 0.0
gene109
0.019121 0.0
-0.014657 0.0
gene110
9.740462 0.0
9.856501 0.0
gene111
1.230162 0.0
2.056941 0.0
gene112
8.255580 0.0
6.959384 0.0
gene113
7.890187 0.0
4.271193 0.0
gene114
6.080697 0.0
6.365962 0.0
gene115
-6.640160 0.0
-6.211748 0.0
gene116
-9.356590 0.0
-9.485116 0.0
gene117
-3.467879 0.0
-3.305218 0.0
gene118
7.584192 0.0
8.052225 0.0
gene119
-2.466752 0.0
-2.345461 0.0
gene120
-4.703316 0.0
-3.718388 0.0
gene121
-1.200470 0.0
-1.142229 0.0
gene122
-3.829445 0.0
-5.298929 0.0
gene123
9.428019 0.0
8.401224 0.0
gene124
10.093144 0.0
9.797133 0.0
gene125
-1.419958 0.0
-0.345345 0.0
gene126
-7.442990 0.0
-7.134433 0.0
gene127
-1.969825 0.0
-2.823631 0.0
gene128
8.774142 0.0
8.805593 0.0
gene129
10.579201 0.0
9.390840 0.0
gene130
4.587983 0.0
4.587983 0.0
gene131
1.524665 0.0
0.508426 0.0
gene132
9.718734 0.0
9.377156 0.0
gene133
0.397095 0.0
-0.042907 0.0
gene134
2.377730 0.0
0.493047 0.0
gene135
-4.140205 0.0
-3.829914 0.0
gene136
-3.496608 0.0
-3.317127 0.0
gene137
5.802960 0.0
5.802960 0.0
gene138
0.916213 0.0
0.783335 0.0
gene139
-4.250156 0.0
-2.933672 0.0
gene140
8.742011 0.0
7.780361 0.0
gene141
-0.876048 0.0
-1.146426 0.0
gene142
2.230092 0.0
3.467124 0.0
gene143
5.458021 0.0
6.883543 0.0
gene144
5.216920 0.0
4.899298 0.0
gene145
-1.097724 0.0
-0.888862 0.0
gene146
-7.825908 0.0
-6.590909 0.0
gene147
-2.259412 0.0
-5.436923 0.0
gene148
-8.930150 0.0
-8.841043 0.0
gene149
0.376744 0.0
0.768448 0.0
gene150
6.506337 0.0
6.826105 0.0
gene151
-1.027982 0.0
-1.469747 0.0
gene152
2.025804 0.0
2.330307 0.0
gene153
-6.069703 0.0
-5.670042 0.0
gene154
7.659063 0.0
8.101203 0.0
gene155
-3.970850 0.0
-3.955572 0.0
gene156
-4.994405 0.0
-6.339112 0.0
gene157
3.935636 0.0
4.160938 0.0
gene158
-0.810221 0.0
-0.963663 0.0
gene159
7.263046 0.0
5.796273 0.0
gene160
8.537453 0.0
8.652515 0.0
gene161
1.030638 0.0
1.826633 0.0
gene162
-4.856159 0.0
-4.759432 0.0
gene163
-7.377618 0.0
-7.274133 0.0
gene164
1.025414 0.0
0.726074 0.0
gene165
-3.328667 0.0
-3.422985 0.0
gene166
-1.678144 0.0
-1.131342 0.0
gene167
4.345413 0.0
4.189657 0.0
gene168
5.521619 0.0
4.524321 0.0
gene169
6.477004 0.0
6.501746 0.0
gene170
3.891630 0.0
4.113955 0.0
gene171
7.218848 0.0
6.876687 0.0
gene172
-0.917468 0.0
-0.821782 0.0
gene173
5.143407 0.0
5.541287 0.0
gene174
-9.348350 0.0
-8.538466 0.0
gene175
7.959990 0.0
7.894606 0.0
gene176
7.116654 0.0
7.189963 0.0
gene177
4.486705 0.0
6.175549 0.0
gene178
-4.923021 0.0
-4.792390 0.0
gene179
-4.480516 0.0
-3.893924 0.0
gene180
4.511868 0.0
4.643577 0.0
gene181
-0.578552 0.0
-1.797698 0.0
gene182
1.458966 0.0
0.545884 0.0
gene183
-1.574500 0.0
-1.717518 0.0
gene184
7.158366 0.0
6.173499 0.0
gene185
0.485225 0.0
0.594343 0.0
gene186
3.356367 0.0
2.784766 0.0
gene187
-2.090127 0.0
-1.988523 0.0
gene188
0.882220 0.0
1.904067 0.0
gene189
-3.087106 0.0
-3.087106 0.0
gene190
-4.021981 0.0
-3.311555 0.0
gene191
1.657711 0.0
0.879853 0.0
gene192
-0.252064 0.0
0.892637 0.0
gene193
0.959884 0.0
-0.756733 0.0
gene194
-7.221512 0.0
-7.104194 0.0
gene195
0.472638 0.0
-0.975390 0.0
gene196
-0.292248 0.0
0.218525 0.0
gene197
4.191397 0.0
3.776221 0.0
gene198
-5.201272 0.0
-4.731623 0.0
gene199
6.111454 0.0
5.673034 0.0
gene200
1.837931 0.0
1.866553 0.0
gene201
-5.964167 0.0
-6.385706 0.0
gene202
6.092989 0.0
6.405349 0.0
gene203
-4.751816 0.0
-6.086374 0.0
gene204
-6.847054 0.0
-6.948229 0.0
gene205
-8.427959 0.0
-7.804615 0.0
gene206
4.658013 0.0
4.658013 0.0
gene207
-2.102238 0.0
-1.959981 0.0
gene208
7.186490 0.0
6.948793 0.0
gene209
8.676462 0.0
8.766739 0.0
gene210
3.619425 0.0
3.635631 0.0
gene211
-7.835403 0.0
-7.863369 0.0
gene212
0.897750 0.0
0.731129 0.0
gene213
-4.681328 0.0
-6.689621 0.0
gene214
-7.298441 0.0
-7.298441 0.0
gene215
-3.608289 0.0
-3.736643 0.0
gene216
-0.834891 0.0
-0.875283 0.0
gene217
3.867814 0.0
3.869787 0.0
gene218
2.728229 0.0
3.127851 0.0
gene219
4.490913 0.0
4.367247 0.0
gene220
-4.227025 0.0
-4.200726 0.0
gene221
2.454170 0.0
2.022178 0.0
gene222
0.049140 0.0
0.645605 0.0
gene223
-4.496794 0.0
-5.621824 0.0
gene224
7.928495 0.0
7.928495 0.0
gene225
-0.047566 0.0
-1.156916 0.0
gene226
1.195578 0.0
1.195578 0.0
gene227
5.153767 0.0
5.153767 0.0
gene228
-1.863551 0.0
-2.295078 0.0
gene229
5.122028 0.0
4.910195 0.0
gene230
-6.523556 0.0
-6.523556 0.0
gene231
9.363798 0.0
8.852917 0.0
gene232
1.437607 0.0
1.238210 0.0
gene233
1.414393 0.0
1.449602 0.0
gene234
3.959960 0.0
2.337800 0.0
gene235
0.997637 0.0
0.936300 0.0
gene236
-3.351192 0.0
-3.226922 0.0
gene237
-8.777378 0.0
-8.287764 0.0
gene238
9.969762 0.0
10.445367 0.0
gene239
-0.489581 0.0
-0.010108 0.0
gene240
-6.321896 0.0
-7.049687 0.0
gene241
3.776772 0.0
3.965084 0.0
gene242
-1.837433 0.0
-1.837433 0.0
gene243
-1.427565 0.0
-0.520308 0.0
gene244
9.594189 0.0
10.714145 0.0
gene245
4.537027 0.0
4.537027 0.0
gene246
2.199899 0.0
2.199899 0.0
gene247
9.290964 0.0
9.290964 0.0
gene248
-0.684929 0.0
0.044768 0.0
gene249
-3.496313 0.0
-3.569912 0.0
gene250
4.861883 0.0
4.570611 0.0
gene251
1.290607 0.0
2.362454 0.0
gene252
8.380870 0.0
8.181213 0.0
gene253
-4.158113 0.0
-5.727952 0.0
gene254
5.784526 0.0
5.329626 0.0
gene255
-1.367411 0.0
-1.642762 0.0
gene256
4.322435 0.0
4.730671 0.0
gene257
-0.551800 0.0
-0.192529 0.0
gene258
5.251688 0.0
5.827392 0.0
gene259
-3.943910 0.0
-5.441111 0.0
gene260
-5.328170 0.0
-5.164788 0.0
gene261
-5.836370 0.0
-6.224869 0.0
gene262
9.141014 0.0
8.796366 0.0
gene263
-6.962678 0.0
-7.089444 0.0
gene264
-6.100320 0.0
-6.334767 0.0
gene265
-7.878303 0.0
-8.841899 0.0
gene266
2.159269 0.0
1.355220 0.0
gene267
4.631941 0.0
4.939725 0.0
gene268
0.794286 0.0
0.794286 0.0
gene269
-5.187155 0.0
-4.834303 0.0
gene270
2.126425 0.0
2.663318 0.0
gene271
-1.386156 0.0
-2.631603 0.0
gene272
-9.081442 0.0
-9.354611 0.0
gene273
4.710181 0.0
5.111729 0.0
gene274
9.419061 0.0
8.899432 0.0
gene275
-6.647607 0.0
-6.937940 0.0
gene276
-10.310765 0.0
-8.964746 0.0
gene277
-8.632671 0.0
-8.316319 0.0
gene278
-8.359356 0.0
-8.359356 0.0
gene279
-2.692214 0.0
-2.386021 0.0
gene280
-7.643917 0.0
-7.339228 0.0
gene281
8.057396 0.0
8.395300 0.0
gene282
8.171966 0.0
8.684218 0.0
gene283
-1.762022 0.0
-0.372398 0.0
gene284
3.010645 0.0
2.785979 0.0
gene285
4.889850 0.0
5.666391 0.0
gene286
-2.863444 0.0
-3.560195 0.0
gene287
2.490261 0.0
2.490261 0.0
gene288
0.372873 0.0
0.660050 0.0
gene289
0.051633 0.0
-2.326240 0.0
gene290
-1.122971 0.0
-2.314589 0.0
gene291
-7.441572 0.0
-6.672096 0.0
gene292
-7.295317 0.0
-8.490563 0.0
gene293
-2.265530 0.0
-1.528194 0.0
gene294
-1.674891 0.0
1.162058 0.0
gene295
-8.617280 0.0
-8.238049 0.0
gene296
-7.880933 0.0
-7.916165 0.0
gene297
3.884303 0.0
3.909110 0.0
gene298
-0.918333 0.0
-0.918333 0.0
gene299
-5.235180 0.0
-5.366553 0.0
gene300
-4.246082 0.0
-3.747968 0.0
gene301
0.951818 0.0
0.885370 0.0
gene302
-4.298507 0.0
-4.006466 0.0
gene303
7.503227 0.0
7.503227 0.0
gene304
7.798159 0.0
7.352988 0.0
gene305
-7.420366 0.0
-8.874208 0.0
gene306
3.178580 0.0
3.178580 0.0
gene307
3.011111 0.0
2.572144 0.0
gene308
0.904218 0.0
-0.443286 0.0
gene309
9.933032 0.0
9.895017 0.0
gene310
7.710194 0.0
7.733683 0.0
gene311
2.718401 0.0
3.336289 0.0
gene312
2.262204 0.0
2.834888 0.0
gene313
6.013751 0.0
5.932051 0.0
gene314
-5.458598 0.0
-5.222485 0.0
gene315
0.723384 0.0
1.494774 0.0
gene316
4.102328 0.0
4.729959 0.0
gene317
2.813115 0.0
3.615126 0.0
gene318
-6.718842 0.0
-5.119315 0.0
gene319
-6.453422 0.0
-5.962816 0.0
gene320
3.708839 0.0
4.278465 0.0
gene321
-0.928005 0.0
-0.120373 0.0
gene322
1.493076 0.0
0.279703 0.0
gene323
0.085392 0.0
1.617364 0.0
gene324
8.218241 0.0
8.218241 0.0
gene325
-7.443471 0.0
-7.408977 0.0
gene326
-5.368728 0.0
-5.368728 0.0
gene327
-8.138054 0.0
-8.153174 0.0
gene328
-1.185979 0.0
-0.723502 0.0
gene329
-0.858567 0.0
-1.963654 0.0
gene330
3.943631 0.0
4.884943 0.0
gene331
5.398087 0.0
5.923453 0.0
gene332
4.442588 0.0
4.565451 0.0
gene333
-6.753865 0.0
-6.776051 0.0
gene334
-6.550597 0.0
-6.676549 0.0
gene335
-4.516958 0.0
-5.412871 0.0
gene336
-6.632773 0.0
-5.722362 0.0
gene337
3.743504 0.0
4.030458 0.0
gene338
-1.144927 0.0
-2.646955 0.0
gene339
3.048085 0.0
2.211702 0.0
gene340
2.828017 0.0
2.933498 0.0
gene341
10.152529 0.0
9.880797 0.0
gene342
-2.382528 0.0
-2.463253 0.0
gene343
4.397013 0.0
3.860553 0.0
gene344
-8.605135 0.0
-8.597155 0.0
gene345
4.808243 0.0
4.261139 0.0
gene346
-4.935031 0.0
-4.283931 0.0
gene347
10.328236 0.0
9.776195 0.0
gene348
-3.219516 0.0
-2.361630 0.0
gene349
6.589943 0.0
7.160768 0.0
gene350
-0.412458 0.0
-0.657568 0.0
gene351
-3.740479 0.0
-3.043777 0.0
gene352
-1.527584 0.0
-2.936889 0.0
gene353
-3.589558 0.0
-3.220617 0.0
gene354
-6.099015 0.0
-5.511226 0.0
gene355
9.075101 0.0
8.198719 0.0
gene356
8.545365 0.0
8.199776 0.0
gene357
7.030249 0.0
5.146602 0.0
gene358
-8.082139 0.0
-8.508849 0.0
gene359
-4.650640 0.0
-4.751373 0.0
gene360
5.701845 0.0
6.215881 0.0
gene361
7.189035 0.0
7.242943 0.0
gene362
10.463883 0.0
9.533201 0.0
gene363
4.585076 0.0
4.988847 0.0
gene364
-0.833180 0.0
-0.912712 0.0
gene365
7.256518 0.0
8.306865 0.0
gene366
-0.457784 0.0
-2.034340 0.0
gene367
1.250806 0.0
1.149890 0.0
gene368
-10.288132 0.0
-9.038976 0.0
gene369
-6.951879 0.0
-6.702178 0.0
gene370
-4.419285 0.0
-3.801072 0.0
gene371
8.345677 0.0
8.865426 0.0
gene372
0.092919 0.0
0.487856 0.0
gene373
5.686027 0.0
5.679714 0.0
gene374
2.331614 0.0
2.331422 0.0
gene375
-5.486223 0.0
-2.504437 0.0
gene376
1.086371 0.0
-0.101012 0.0
gene377
1.756040 0.0
1.756040 0.0
gene378
2.938208 0.0
1.401062 0.0
gene379
-8.927384 0.0
-8.548241 0.0
gene380
-8.441370 0.0
-8.033002 0.0
gene381
8.875090 0.0
8.589920 0.0
gene382
-0.753073 0.0
-0.038579 0.0
gene383
-0.529876 0.0
-0.179196 0.0
gene384
10.657144 0.0
9.691301 0.0
gene385
0.758346 0.0
0.713614 0.0
gene386
-8.762119 0.0
-8.796787 0.0
gene387
1.233624 0.0
0.402438 0.0
gene388
0.726031 0.0
0.523642 0.0
gene389
-7.550678 0.0
-6.805268 0.0
gene390
4.560690 0.0
3.342083 0.0
gene391
-6.139399 0.0
-6.139399 0.0
gene392
-3.230890 0.0
-3.230890 0.0
gene393
6.444291 0.0
6.162446 0.0
gene394
3.213748 0.0
3.814344 0.0
gene395
-2.933842 0.0
-2.784481 0.0
gene396
3.190437 0.0
2.528530 0.0
gene397
7.225324 0.0
5.947785 0.0
gene398
-7.763719 0.0
-8.896720 0.0
gene399
2.670997 0.0
2.635841 0.0
gene400
-4.454568 0.0
-4.204783 0.0
gene401
6.150098 0.0
5.713307 0.0
gene402
-6.369555 0.0
-6.885015 0.0
gene403
5.276450 0.0
5.511561 0.0
gene404
8.242178 0.0
9.292572 0.0
gene405
2.429826 0.0
2.789585 0.0
gene406
9.488577 0.0
9.269315 0.0
gene407
-3.541336 0.0
-3.588333 0.0
gene408
5.226016 0.0
5.940355 0.0
gene409
-4.399160 0.0
-5.257116 0.0
gene410
-4.541240 0.0
-4.463265 0.0
gene411
8.576878 0.0
7.596133 0.0
gene412
-5.943358 0.0
-5.247118 0.0
gene413
8.384457 0.0
8.819876 0.0
gene414
6.050064 0.0
6.050064 0.0
gene415
2.900210 0.0
2.109662 0.0
gene416
4.645341 0.0
3.297719 0.0
gene417
-3.979241 0.0
-3.805748 0.0
gene418
-2.195185 0.0
-2.195185 0.0
gene419
-0.056371 0.0
0.316122 0.0
gene420
-6.103246 0.0
-6.103246 0.0
gene421
8.181054 0.0
8.341246 0.0
gene422
2.561877 0.0
2.157441 0.0
gene423
0.919231 0.0
1.497185 0.0
gene424
5.994377 0.0
6.605279 0.0
gene425
-3.388550 0.0
-3.023362 0.0
gene426
4.028644 0.0
4.111717 0.0
gene427
-8.116065 0.0
-8.652355 0.0
gene428
5.164378 0.0
5.420528 0.0
gene429
-7.876806 0.0
-8.626315 0.0
gene430
-8.852319 0.0
-8.302363 0.0
gene431
-4.308647 0.0
-3.961421 0.0
gene432
-8.386856 0.0
-7.762645 0.0
gene433
-2.107541 0.0
-1.221702 0.0
gene434
8.750347 0.0
8.750347 0.0
gene435
8.444860 0.0
8.267923 0.0
gene436
4.024554 0.0
4.867645 0.0
gene437
5.421414 0.0
3.670059 0.0
gene438
-0.878388 0.0
-1.762472 0.0
gene439
-1.428294 0.0
-1.671658 0.0
gene440
9.457905 0.0
9.613645 0.0
gene441
7.130962 0.0
6.862497 0.0
gene442
5.446047 0.0
5.121731 0.0
gene443
-2.375909 0.0
-1.838892 0.0
gene444
8.088031 0.0
8.419534 0.0
gene445
2.705024 0.0
1.879653 0.0
gene446
0.627126 0.0
0.824077 0.0
gene447
8.928630 0.0
9.405198 0.0
gene448
-0.667255 0.0
-0.994558 0.0
gene449
9.586064 0.0
9.586064 0.0
gene450
1.061921 0.0
1.325563 0.0
gene451
6.375129 0.0
7.201199 0.0
gene452
-2.937927 0.0
-4.215194 0.0
gene453
-4.062127 0.0
-3.358961 0.0
gene454
9.336229 0.0
9.336229 0.0
gene455
7.865751 0.0
8.063969 0.0
gene456
-0.755423 0.0
-0.574735 0.0
gene457
-7.529259 0.0
-7.061555 0.0
gene458
2.657545 0.0
2.760127 0.0
gene459
-5.525721 0.0
-5.525721 0.0
gene460
-1.831141 0.0
-0.875671 0.0
gene461
-4.017956 0.0
-2.685591 0.0
gene462
-0.454975 0.0
-0.579762 0.0
gene463
6.985673 0.0
7.617746 0.0
gene464
2.790143 0.0
3.330691 0.0
gene465
-8.722036 0.0
-8.115606 0.0
gene466
8.111025 0.0
7.870769 0.0
gene467
-6.091901 0.0
-6.091901 0.0
gene468
8.241648 0.0
7.122179 0.0
gene469
-4.042896 0.0
-4.902594 0.0
gene470
3.831568 0.0
3.831568 0.0
gene471
4.576592 0.0
4.669355 0.0
gene472
-7.739747 0.0
-7.941983 0.0
gene473
3.835301 0.0
3.360667 0.0
gene474
-2.919995 0.0
-2.919995 0.0
gene475
2.825973 0.0
2.825973 0.0
gene476
-2.481676 0.0
-2.442523 0.0
gene477
3.772948 0.0
4.974331 0.0
gene478
6.338434 0.0
6.883427 0.0
gene479
1.747920 0.0
2.540246 0.0
gene480
-0.543354 0.0
-0.931680 0.0
gene481
-1.656490 0.0
0.016491 0.0
gene482
-1.130452 0.0
-0.326781 0.0
gene483
-3.158373 0.0
-3.550920 0.0
gene484
-6.708365 0.0
-6.697075 0.0
gene485
-5.850065 0.0
-5.356148 0.0
gene486
-7.456272 0.0
-7.883592 0.0
gene487
-7.595451 0.0
-7.096835 0.0
gene488
3.604630 0.0
4.651275 0.0
gene489
5.933314 0.0
5.933314 0.0
gene490
-1.992024 0.0
-1.658970 0.0
gene491
-3.750456 0.0
-4.580981 0.0
gene492
-8.152669 0.0
-7.495086 0.0
gene493
6.950216 0.0
7.135194 0.0
gene494
-4.760883 0.0
-6.395246 0.0
gene495
2.521422 0.0
2.771241 0.0
gene496
2.208949 0.0
1.991725 0.0
gene497
6.634450 0.0
7.012514 0.0
gene498
-2.790839 0.0
-2.905547 0.0
gene499
-6.640371 0.0
-8.357509 0.0
gene500
3.667915 0.0
3.725449 0.0
gene501
-1.621446 0.0
-0.944501 0.0
gene502
7.546776 0.0
7.106292 0.0
gene503
-7.446160 0.0
-6.851525 0.0
gene504
6.189672 0.0
6.883047 0.0
gene505
0.083726 0.0
-2.160997 0.0
gene506
7.318727 0.0
7.318727 0.0
gene507
-1.987896 0.0
-1.676325 0.0
gene508
-8.608084 0.0
-8.220368 0.0
gene509
-8.713098 0.0
-8.713098 0.0
gene510
-5.373538 0.0
-4.670884 0.0
gene511
-0.359575 0.0
-0.682871 0.0
gene512
5.440819 0.0
6.111869 0.0
gene513
-7.171753 0.0
-6.072525 0.0
gene514
3.336131 0.0
3.019468 0.0
gene515
3.581238 0.0
3.581238 0.0
gene516
-3.846728 0.0
-5.728633 0.0
gene517
-7.221157 0.0
-7.221157 0.0
gene518
-7.532035 0.0
-8.530185 0.0
gene519
8.911048 0.0
9.099527 0.0
gene520
5.409089 0.0
4.637865 0.0
gene521
3.985479 0.0
4.384984 0.0
gene522
-3.557541 0.0
-3.494447 0.0
gene523
4.131272 0.0
4.834987 0.0
gene524
9.282718 0.0
8.606830 0.0
gene525
7.011147 0.0
7.639282 0.0
gene526
0.549917 0.0
0.415779 0.0
gene527
-2.943206 0.0
-5.447678 0.0
gene528
0.208509 0.0
2.136916 0.0
gene529
9.130394 0.0
9.048713 0.0
gene530
-0.363981 0.0
0.015974 0.0
gene531
2.046133 0.0
2.125107 0.0
gene532
6.764753 0.0
6.483007 0.0
gene533
8.421944 0.0
7.014844 0.0
gene534
-5.603725 0.0
-4.884098 0.0
gene535
6.563749 0.0
6.787765 0.0
gene536
-2.277156 0.0
-1.796010 0.0
gene537
0.121452 0.0
0.552624 0.0
gene538
-6.035740 0.0
-6.661728 0.0
gene539
9.549843 0.0
9.866738 0.0
gene540
8.873703 0.0
9.414271 0.0
gene541
-1.790197 0.0
-1.501209 0.0
gene542
-2.256999 0.0
-2.718960 0.0
gene543
-2.706839 0.0
-1.349730 0.0
gene544
-5.641268 0.0
-3.331518 0.0
gene545
-2.500018 0.0
-2.563500 0.0
gene546
-7.364784 0.0
-7.770136 0.0
gene547
-5.760216 0.0
-5.617200 0.0
gene548
0.492376 0.0
1.196968 0.0
gene549
-3.084331 0.0
-3.084331 0.0
gene550
-2.874546 0.0
-2.785938 0.0
gene551
7.705395 0.0
8.924111 0.0
gene552
4.313635 0.0
4.844140 0.0
gene553
-5.079734 0.0
-4.860805 0.0
gene554
7.770945 0.0
8.450382 0.0
gene555
-4.817625 0.0
-5.489575 0.0
gene556
7.213052 0.0
7.263291 0.0
gene557
-5.109154 0.0
-5.781696 0.0
gene558
-8.044902 0.0
-8.937109 0.0
gene559
-4.480011 0.0
-4.373492 0.0
gene560
5.624248 0.0
4.201140 0.0
gene561
-9.821118 0.0
-8.851273 0.0
gene562
-7.845804 0.0
-7.068172 0.0
gene563
8.590469 0.0
9.601490 0.0
gene564
2.135941 0.0
0.403023 0.0
gene565
7.372146 0.0
7.967116 0.0
gene566
4.520912 0.0
5.073650 0.0
gene567
0.526010 0.0
0.853984 0.0
gene568
2.414231 0.0
2.721267 0.0
gene569
8.917514 0.0
8.917514 0.0
gene570
7.706905 0.0
9.138927 0.0
gene571
7.144455 0.0
7.846645 0.0
gene572
4.977150 0.0
5.611575 0.0
gene573
8.572855 0.0
8.143997 0.0
gene574
7.782800 0.0
6.851808 0.0
gene575
8.830706 0.0
8.708255 0.0
gene576
-1.625173 0.0
-1.614989 0.0
gene577
6.079536 0.0
4.430238 0.0
gene578
8.049731 0.0
8.778593 0.0
gene579
-5.465162 0.0
-5.886830 0.0
gene580
-0.379853 0.0
0.191485 0.0
gene581
-6.252211 0.0
-5.470767 0.0
gene582
-4.472381 0.0
-4.192600 0.0
gene583
5.027543 0.0
4.364664 0.0
gene584
-2.730805 0.0
-4.866917 0.0
gene585
9.961942 0.0
9.923001 0.0
gene586
6.637752 0.0
7.831990 0.0
gene587
-6.752257 0.0
-6.752257 0.0
gene588
-5.500103 0.0
-4.981852 0.0
gene589
8.024806 0.0
7.630872 0.0
gene590
1.408517 0.0
0.689223 0.0
gene591
-0.489920 0.0
0.003487 0.0
gene592
-5.669762 0.0
-4.607422 0.0
gene593
-3.915730 0.0
-3.620959 0.0
gene594
-3.870558 0.0
-3.365062 0.0
gene595
-6.962244 0.0
-7.595448 0.0
gene596
2.569108 0.0
2.226432 0.0
gene597
-2.988321 0.0
-4.616021 0.0
gene598
8.008068 0.0
8.278679 0.0
gene599
-4.616085 0.0
-4.270162 0.0
gene600
9.481146 0.0
9.580279 0.0
gene601
-6.677267 0.0
-6.274894 0.0
gene602
-2.556753 0.0
-2.372325 0.0
gene603
-2.787580 0.0
-2.460621 0.0
gene604
-0.507268 0.0
-0.119826 0.0
gene605
4.625615 0.0
5.645894 0.0
gene606
10.532241 0.0
9.961766 0.0
gene607
3.255795 0.0
3.255795 0.0
gene608
-9.066418 0.0
-8.856335 0.0
gene609
-8.422420 0.0
-9.650782 0.0
gene610
7.617448 0.0
5.812319 0.0
gene611
-6.682450 0.0
-6.912147 0.0
gene612
-1.267595 0.0
-1.290840 0.0
gene613
8.206578 0.0
8.643535 0.0
gene614
9.165413 0.0
9.780323 0.0
gene615
6.962265 0.0
8.780334 0.0
gene616
-0.776057 0.0
-1.235740 0.0
gene617
-0.048792 0.0
0.871642 0.0
gene618
5.691780 0.0
6.231186 0.0
gene619
-1.256296 0.0
-1.165453 0.0
gene620
-8.476269 0.0
-8.078365 0.0
gene621
-6.754661 0.0
-6.317632 0.0
gene622
3.845802 0.0
2.320217 0.0
gene623
4.842990 0.0
4.685134 0.0
gene624
4.524746 0.0
4.412365 0.0
gene625
-0.550328 0.0
-1.100424 0.0
gene626
-0.182502 0.0
-0.337244 0.0
gene627
3.736739 0.0
3.736739 0.0
gene628
5.350628 0.0
4.926182 0.0
gene629
7.929961 0.0
7.890530 0.0
gene630
3.622479 0.0
3.470325 0.0
gene631
7.352684 0.0
7.466716 0.0
gene632
6.946905 0.0
6.898490 0.0
gene633
8.911116 0.0
9.208748 0.0
gene634
-8.670710 0.0
-8.547109 0.0
gene635
-4.398683 0.0
-3.982756 0.0
gene636
1.487018 0.0
0.473628 0.0
gene637
-6.827584 0.0
-6.827584 0.0
gene638
3.038793 0.0
3.102686 0.0
gene639
-5.368355 0.0
-4.616974 0.0
gene640
-5.061280 0.0
-5.547390 0.0
gene641
-3.594964 0.0
-2.619289 0.0
gene642
-8.688981 0.0
-8.810031 0.0
gene643
-8.230832 0.0
-7.502531 0.0
gene644
6.485821 0.0
7.092723 0.0
gene645
-5.348192 0.0
-4.845535 0.0
gene646
-6.404780 0.0
-5.830180 0.0
gene647
-1.826226 0.0
-1.529864 0.0
gene648
-2.501150 0.0
-3.291152 0.0
gene649
2.912458 0.0
0.141676 0.0
gene650
-6.307690 0.0
-6.307690 0.0
gene651
-3.632231 0.0
-3.003124 0.0
gene652
-8.643579 0.0
-8.363453 0.0
gene653
7.129508 0.0
6.713242 0.0
gene654
0.463984 0.0
0.463984 0.0
gene655
-8.422794 0.0
-8.435470 0.0
gene656
-3.030150 0.0
-3.498135 0.0
gene657
0.546080 0.0
-0.197585 0.0
gene658
5.016015 0.0
5.188803 0.0
gene659
-5.626471 0.0
-5.353253 0.0
gene660
8.833635 0.0
7.842199 0.0
gene661
-1.099230 0.0
-1.586294 0.0
gene662
-3.339356 0.0
-3.834258 0.0
gene663
5.337132 0.0
4.851797 0.0
gene664
9.302996 0.0
7.549044 0.0
gene665
0.359046 0.0
0.058198 0.0
gene666
-1.407989 0.0
-0.870730 0.0
gene667
4.572821 0.0
4.764275 0.0
gene668
7.171126 0.0
6.899484 0.0
gene669
7.894313 0.0
9.341260 0.0
gene670
6.000245 0.0
6.264476 0.0
gene671
9.808749 0.0
7.744995 0.0
gene672
-8.899375 0.0
-9.253969 0.0
gene673
-2.285893 0.0
-5.387784 0.0
gene674
-5.707575 0.0
-5.050559 0.0
gene675
-5.377564 0.0
-5.393097 0.0
gene676
-2.169469 0.0
-0.339775 0.0
gene677
-5.442449 0.0
-4.829319 0.0
gene678
7.706837 0.0
6.513249 0.0
gene679
0.617216 0.0
0.486992 0.0
gene680
3.254980 0.0
3.115498 0.0
gene681
2.672876 0.0
2.544343 0.0
gene682
-4.992975 0.0
-5.955568 0.0
gene683
2.540225 0.0
2.555079 0.0
gene684
-5.081180 0.0
-3.964426 0.0
gene685
7.950195 0.0
8.603338 0.0
gene686
-8.812010 0.0
-8.602224 0.0
gene687
1.750601 0.0
1.346580 0.0
gene688
-0.764746 0.0
-0.084429 0.0
gene689
0.615264 0.0
0.635082 0.0
gene690
8.396165 0.0
8.695371 0.0
gene691
3.521182 0.0
3.670597 0.0
gene692
2.204666 0.0
0.959163 0.0
gene693
-3.051601 0.0
-3.644412 0.0
gene694
-2.822117 0.0
-3.246775 0.0
gene695
-3.052964 0.0
-2.877817 0.0
gene696
1.929417 0.0
1.339578 0.0
gene697
9.768324 0.0
9.967565 0.0
gene698
7.493086 0.0
8.541832 0.0
gene699
4.071049 0.0
3.650607 0.0
gene700
8.846056 0.0
8.731124 0.0
gene701
-3.486455 0.0
-3.724722 0.0
gene702
4.806163 0.0
3.487792 0.0
gene703
10.577484 0.0
9.232406 0.0
gene704
-1.567901 0.0
-1.625497 0.0
gene705
-9.368508 0.0
-8.950154 0.0
gene706
4.628334 0.0
5.245193 0.0
gene707
0.197259 0.0
-0.254796 0.0
gene708
4.180801 0.0
4.180801 0.0
gene709
-2.553991 0.0
-3.508986 0.0
gene710
2.308270 0.0
2.798818 0.0
gene711
-4.628715 0.0
-5.045782 0.0
gene712
8.762654 0.0
8.412988 0.0
gene713
-6.170172 0.0
-6.871329 0.0
gene714
5.188299 0.0
5.498893 0.0
gene715
-0.142228 0.0
0.542020 0.0
gene716
-5.712784 0.0
-5.733133 0.0
gene717
1.139667 0.0
0.702795 0.0
gene718
-0.521314 0.0
-0.380140 0.0
gene719
-4.641831 0.0
-4.521633 0.0
gene720
5.026592 0.0
4.933232 0.0
gene721
5.513165 0.0
7.358707 0.0
gene722
2.353618 0.0
2.297812 0.0
gene723
-2.355858 0.0
-2.578180 0.0
gene724
7.300412 0.0
7.300412 0.0
gene725
-1.053976 0.0
-1.305157 0.0
gene726
-9.034058 0.0
-8.978257 0.0
gene727
-5.885964 0.0
-5.090134 0.0
gene728
-8.364872 0.0
-8.558376 0.0
gene729
3.279194 0.0
2.482779 0.0
gene730
-4.411408 0.0
-4.467528 0.0
gene731
6.404981 0.0
6.584969 0.0
gene732
-5.019942 0.0
-4.416197 0.0
gene733
8.678924 0.0
8.990162 0.0
gene734
-5.044957 0.0
-5.316797 0.0
gene735
-7.925367 0.0
-8.520993 0.0
gene736
1.186414 0.0
1.286147 0.0
gene737
9.006920 0.0
9.145559 0.0
gene738
-6.257085 0.0
-4.380900 0.0
gene739
8.827591 0.0
8.506277 0.0
gene740
4.826717 0.0
4.560602 0.0
gene741
5.403939 0.0
6.076150 0.0
gene742
-7.308217 0.0
-7.117620 0.0
gene743
7.297003 0.0
7.350842 0.0
gene744
-8.126003 0.0
-8.216573 0.0
gene745
-9.042556 0.0
-8.143197 0.0
gene746
6.805064 0.0
7.894879 0.0
gene747
-4.341880 0.0
-4.804229 0.0
gene748
4.525287 0.0
4.525287 0.0
gene749
5.308262 0.0
5.108142 0.0
gene750
-5.720264 0.0
-5.526579 0.0
gene751
-4.971063 0.0
-4.776110 0.0
gene752
7.877506 0.0
9.472344 0.0
gene753
-4.025704 0.0
-4.426033 0.0
gene754
-3.127397 0.0
-2.938521 0.0
gene755
-8.490023 0.0
-8.854849 0.0
gene756
-7.116506 0.0
-7.462256 0.0
gene757
-0.996205 0.0
-0.458408 0.0
gene758
1.865491 0.0
2.367726 0.0
gene759
-7.810900 0.0
-7.810900 0.0
gene760
1.731180 0.0
1.731180 0.0
gene761
-1.493051 0.0
-1.493051 0.0
gene762
-4.111947 0.0
-3.199433 0.0
gene763
-4.514363 0.0
-5.428649 0.0
gene764
-7.267233 0.0
-7.267233 0.0
gene765
6.545228 0.0
6.175537 0.0
gene766
-1.938928 0.0
-2.665386 0.0
gene767
7.453130 0.0
6.978295 0.0
gene768
-3.634769 0.0
-4.328160 0.0
gene769
9.001955 0.0
9.874726 0.0
gene770
9.097677 0.0
9.413781 0.0
gene771
8.359323 0.0
8.868354 0.0
gene772
7.537559 0.0
8.608970 0.0
gene773
6.176248 0.0
7.342891 0.0
gene774
6.355478 0.0
5.720967 0.0
gene775
0.772372 0.0
0.780493 0.0
gene776
2.751950 0.0
3.716907 0.0
gene777
3.992627 0.0
4.090036 0.0
gene778
5.824107 0.0
4.595367 0.0
gene779
-6.117573 0.0
-6.117573 0.0
gene780
-1.152270 0.0
-1.349581 0.0
gene781
-3.398868 0.0
-3.261166 0.0
gene782
-6.887619 0.0
-6.607893 0.0
gene783
5.605746 0.0
6.134407 0.0
gene784
8.963054 0.0
9.106926 0.0
gene785
0.646029 0.0
1.228892 0.0
gene786
-8.250299 0.0
-8.250299 0.0
gene787
9.013208 0.0
9.549458 0.0
gene788
0.404892 0.0
0.404892 0.0
gene789
-1.290493 0.0
-2.022736 0.0
gene790
1.742755 0.0
2.078375 0.0
gene791
2.768337 0.0
2.926878 0.0
gene792
2.817756 0.0
2.211624 0.0
gene793
-5.057530 0.0
-5.589060 0.0
gene794
6.340707 0.0
7.211332 0.0
gene795
1.241455 0.0
1.551808 0.0
gene796
1.948624 0.0
2.341440 0.0
gene797
-0.133388 0.0
0.596787 0.0
gene798
-6.870993 0.0
-8.130764 0.0
gene799
7.135117 0.0
7.433064 0.0
gene800
4.132248 0.0
2.920464 0.0
gene801
2.043446 0.0
1.487031 0.0
gene802
-0.555456 0.0
0.082806 0.0
gene803
8.314179 0.0
8.213659 0.0
gene804
10.035833 0.0
9.659994 0.0
gene805
7.509421 0.0
6.882971 0.0
gene806
8.767476 0.0
8.095476 0.0
gene807
-6.773294 0.0
-6.308412 0.0
gene808
-5.710884 0.0
-6.119818 0.0
gene809
8.105701 0.0
7.665464 0.0
gene810
-5.123856 0.0
-3.892080 0.0
gene811
1.534280 0.0
0.195285 0.0
gene812
-5.285282 0.0
-5.285282 0.0
gene813
-9.842039 0.0
-8.270366 0.0
gene814
-0.858168 0.0
-1.122145 0.0
gene815
9.599197 0.0
9.599197 0.0
gene816
0.579797 0.0
0.526962 0.0
gene817
-6.038080 0.0
-5.146029 0.0
gene818
0.867471 0.0
-0.365636 0.0
gene819
4.439559 0.0
3.149364 0.0
gene820
-10.340603 0.0
-9.017303 0.0
gene821
-5.854600 0.0
-4.907842 0.0
gene822
-6.348655 0.0
-6.389270 0.0
gene823
1.358748 0.0
-0.824595 0.0
gene824
-6.963751 0.0
-7.427959 0.0
gene825
-5.666611 0.0
-6.247616 0.0
gene826
4.300106 0.0
4.211051 0.0
gene827
-0.688505 0.0
-1.347376 0.0
gene828
-4.067316 0.0
-2.398361 0.0
gene829
4.326500 0.0
2.514006 0.0
gene830
-0.274717 0.0
0.317810 0.0
gene831
4.242952 0.0
4.939986 0.0
gene832
-7.863897 0.0
-8.143413 0.0
gene833
-8.698601 0.0
-8.054448 0.0
gene834
9.826335 0.0
9.826335 0.0
gene835
-0.859409 0.0
0.656391 0.0
gene836
5.642997 0.0
6.237705 0.0
gene837
-6.962947 0.0
-6.845702 0.0
gene838
7.318012 0.0
7.753369 0.0
gene839
-1.814683 0.0
-1.814683 0.0
gene840
-2.723498 0.0
-2.012992 0.0
gene841
6.567620 0.0
6.570392 0.0
gene842
5.967783 0.0
5.235856 0.0
gene843
-7.417045 0.0
-7.019857 0.0
gene844
6.731891 0.0
6.731891 0.0
gene845
6.127098 0.0
6.722486 0.0
gene846
-0.888646 0.0
-0.140750 0.0
gene847
-5.224439 0.0
-5.224439 0.0
gene848
-0.674884 0.0
-0.976788 0.0
gene849
-1.619661 0.0
-0.302773 0.0
gene850
9.850747 0.0
11.153866 0.0
gene851
-6.558443 0.0
-6.237532 0.0
gene852
5.389075 0.0
4.802504 0.0
gene853
-2.010267 0.0
-1.446671 0.0
gene854
7.303407 0.0
5.803170 0.0
gene855
-8.581913 0.0
-9.244792 0.0
gene856
-8.112603 0.0
-8.597858 0.0
gene857
0.432480 0.0
0.947249 0.0
gene858
5.395586 0.0
5.101251 0.0
gene859
-2.787135 0.0
-2.148633 0.0
gene860
7.962543 0.0
7.837373 0.0
gene861
-4.070627 0.0
-4.208704 0.0
gene862
0.997453 0.0
1.634071 0.0
gene863
8.311967 0.0
8.746604 0.0
gene864
3.189337 0.0
3.134002 0.0
gene865
-0.219435 0.0
-0.219435 0.0
gene866
-6.841833 0.0
-6.891592 0.0
gene867
5.254117 0.0
5.579475 0.0
gene868
-3.837749 0.0
-4.506488 0.0
gene869
4.202339 0.0
3.578483 0.0
gene870
-5.274770 0.0
-4.580340 0.0
gene871
1.737655 0.0
2.844771 0.0
gene872
7.094828 0.0
7.926726 0.0
gene873
1.629363 0.0
0.775813 0.0
gene874
-9.006472 0.0
-8.043264 0.0
gene875
-4.425472 0.0
-3.927555 0.0
gene876
-7.938488 0.0
-8.315990 0.0
gene877
-7.257403 0.0
-6.889164 0.0
gene878
2.096965 0.0
2.096965 0.0
gene879
1.191500 0.0
0.353630 0.0
gene880
-6.213440 0.0
-6.213440 0.0
gene881
-9.399555 0.0
-8.806684 0.0
gene882
4.621365 0.0
2.033051 0.0
gene883
7.953486 0.0
8.969787 0.0
gene884
-7.642427 0.0
-8.024683 0.0
gene885
7.396040 0.0
5.919968 0.0
gene886
-1.201944 0.0
-1.166018 0.0
gene887
8.434858 0.0
8.577146 0.0
gene888
-0.146623 0.0
-0.418700 0.0
gene889
5.936428 0.0
6.018058 0.0
gene890
1.355529 0.0
3.562462 0.0
gene891
-3.850319 0.0
-3.850319 0.0
gene892
5.916396 0.0
6.151745 0.0
gene893
3.896240 0.0
3.662348 0.0
gene894
3.452972 0.0
4.413717 0.0
gene895
-7.137205 0.0
-6.775761 0.0
gene896
6.805770 0.0
5.811941 0.0
gene897
6.255173 0.0
6.142090 0.0
gene898
-3.299277 0.0
-2.326964 0.0
gene899
-4.687975 0.0
-4.891327 0.0
gene900
8.808794 0.0
9.468870 0.0
gene901
8.568861 0.0
9.777492 0.0
gene902
-2.075903 0.0
-2.087265 0.0
gene903
-4.984849 0.0
-3.782880 0.0
gene904
3.841259 0.0
3.932425 0.0
gene905
-0.616470 0.0
-1.693763 0.0
gene906
1.336741 0.0
1.336741 0.0
gene907
-4.087856 0.0
-4.434520 0.0
gene908
1.611745 0.0
1.533603 0.0
gene909
-1.257624 0.0
-1.257624 0.0
gene910
-2.356924 0.0
-2.681688 0.0
gene911
-1.307647 0.0
-1.636894 0.0
gene912
-6.201241 0.0
-6.201241 0.0
gene913
-2.736456 0.0
-3.219106 0.0
gene914
6.422892 0.0
6.235843 0.0
gene915
-4.853843 0.0
-5.307703 0.0
gene916
9.294770 0.0
9.592142 0.0
gene917
-0.900177 0.0
-1.938888 0.0
gene918
-1.451413 0.0
-2.338858 0.0
gene919
0.559879 0.0
0.872319 0.0
gene920
0.601518 0.0
0.912467 0.0
gene921
10.009743 0.0
9.280024 0.0
gene922
7.290331 0.0
6.202231 0.0
gene923
-7.342695 0.0
-7.368419 0.0
gene924
0.114875 0.0
0.443348 0.0
gene925
9.375872 0.0
9.862103 0.0
gene926
-3.477830 0.0
-5.136178 0.0
gene927
-1.848120 0.0
-2.766038 0.0
gene928
2.927398 0.0
2.753234 0.0
gene929
-2.754816 0.0
-1.543380 0.0
gene930
-1.764960 0.0
-2.384135 0.0
gene931
1.205285 0.0
2.336428 0.0
gene932
-2.313187 0.0
-2.361767 0.0
gene933
10.171937 0.0
9.848013 0.0
gene934
-4.136787 0.0
-4.510201 0.0
gene935
6.364948 0.0
5.412107 0.0
gene936
-0.000655 0.0
-2.421545 0.0
gene937
6.111438 0.0
6.905350 0.0
gene938
-7.575759 0.0
-6.434149 0.0
gene939
-3.426275 0.0
-2.963114 0.0
gene940
-2.720711 0.0
-3.315533 0.0
gene941
-3.744908 0.0
-3.383320 0.0
gene942
-3.936185 0.0
-3.897493 0.0
gene943
9.784445 0.0
9.644577 0.0
gene944
7.982405 0.0
8.377348 0.0
gene945
4.336862 0.0
4.776845 0.0
gene946
4.338759 0.0
5.036103 0.0
gene947
6.440416 0.0
6.440416 0.0
gene948
-3.798909 0.0
-3.798909 0.0
gene949
-0.773166 0.0
-0.044663 0.0
gene950
8.034828 0.0
8.621257 0.0
gene951
-4.982845 0.0
-4.492621 0.0
gene952
5.205429 0.0
5.284762 0.0
gene953
-5.702904 0.0
-5.719866 0.0
gene954
-2.651585 0.0
-2.042883 0.0
gene955
3.607171 0.0
3.959883 0.0
gene956
3.013940 0.0
1.936641 0.0
gene957
-4.932167 0.0
-4.932167 0.0
gene958
-9.052876 0.0
-7.978729 0.0
gene959
-7.164812 0.0
-7.933250 0.0
gene960
-0.211688 0.0
-0.494632 0.0
gene961
10.116871 0.0
9.940200 0.0
gene962
-8.855675 0.0
-8.707678 0.0
gene963
4.295012 0.0
4.905807 0.0
gene964
-7.050165 0.0
-7.144411 0.0
gene965
6.081078 0.0
6.155640 0.0
gene966
0.154891 0.0
0.798855 0.0
gene967
1.580609 0.0
2.438287 0.0
gene968
7.748765 0.0
8.173050 0.0
gene969
-0.967947 0.0
-1.032820 0.0
gene970
-6.122343 0.0
-6.566454 0.0
gene971
-1.595907 0.0
-0.774767 0.0
gene972
-5.985696 0.0
-6.061481 0.0
gene973
6.590050 0.0
6.815740 0.0
gene974
1.436958 0.0
2.336614 0.0
gene975
-6.961934 0.0
-6.691104 0.0
gene976
8.079688 0.0
8.317002 0.0
gene977
2.536618 0.0
2.393693 0.0
gene978
0.579283 0.0
1.184073 0.0
gene979
-4.311641 0.0
-4.311641 0.0
gene980
-7.341693 0.0
-7.873739 0.0
gene981
-3.432818 0.0
-3.885540 0.0
gene982
-4.002286 0.0
-3.603264 0.0
gene983
6.888140 0.0
5.951161 0.0
gene984
-6.931833 0.0
-6.388656 0.0
gene985
2.897868 0.0
2.635145 0.0
gene986
-0.192606 0.0
0.188836 0.0
gene987
-4.488725 0.0
-6.346897 0.0
gene988
-1.145208 0.0
-1.899904 0.0
gene989
-4.940369 0.0
-4.953326 0.0
gene990
8.413364 0.0
8.413364 0.0
gene991
-8.695648 0.0
-8.685673 0.0
gene992
0.629647 0.0
1.794663 0.0
gene993
-4.267313 0.0
-4.267313 0.0
gene994
9.692561 0.0
9.417506 0.0
gene995
-4.486983 0.0
-3.352378 0.0
gene996
-6.576299 0.0
-5.111134 0.0
gene997
5.565579 0.0
4.235175 0.0
gene998
5.267158 0.0
5.996641 0.0
gene999
9.416813 0.0
8.762805 0.0
gene1000
4.395619 0.0
4.669931 0.0
