gene1
13.364180 0.0
8.995129 0.0
gene2
2.963499 0.0
2.963499 0.0
gene3
2.803856 0.0
1.593903 0.0
gene4
-2.265604 0.0
-4.439009 0.0
gene5
13.328187 0.0
14.205760 0.0
gene6
1.474412 0.0
1.474412 0.0
gene7
9.234532 0.0
9.234532 0.0
gene8
5.943515 0.0
1.612263 0.0
gene9
-8.003779 0.0
-3.524634 0.0
gene10
2.455077 0.0
4.276800 0.0
gene11
0.710122 0.0
7.655127 0.0
gene12
-3.236196 0.0
-5.656371 0.0
gene13
-5.370557 0.0
-3.697038 0.0
gene14
-5.791335 0.0
-3.046898 0.0
gene15
5.584957 0.0
5.584957 0.0
gene16
-11.427147 0.0
-6.870374 0.0
gene17
-14.364405 0.0
-6.626711 0.0
gene18
-1.961293 0.0
-1.386340 0.0
gene19
4.821187 0.0
6.570828 0.0
gene20
11.588647 0.0
6.451885 0.0
gene21
-3.525067 0.0
2.989222 0.0
gene22
-1.234933 0.0
-1.561273 0.0
gene23
-8.856549 0.0
-12.057074 0.0
gene24
4.662793 0.0
-7.241034 0.0
gene25
-4.043903 0.0
-4.368372 0.0
gene26
-8.976955 0.0
-5.256047 0.0
gene27
3.488721 0.0
1.042777 0.0
gene28
7.070525 0.0
7.746019 0.0
gene29
9.383673 0.0
9.383673 0.0
gene30
-4.722482 0.0
-4.722482 0.0
gene31
-4.726345 0.0
-4.337536 0.0
gene32
-4.098255 0.0
-4.098255 0.0
gene33
1.238884 0.0
4.055985 0.0
gene34
8.479721 0.0
8.479721 0.0
gene35
-0.986731 0.0
-1.557012 0.0
gene36
0.612337 0.0
-3.756775 0.0
gene37
3.436611 0.0
3.276514 0.0
gene38
-0.752741 0.0
1.630158 0.0
gene39
1.111647 0.0
3.163203 0.0
gene40
-3.972760 0.0
-3.944783 0.0
gene41
2.387634 0.0
6.383595 0.0
gene42
-5.236205 0.0
-5.996404 0.0
gene43
-1.363567 0.0
-0.547322 0.0
gene44
2.643948 0.0
8.599145 0.0
gene45
2.493343 0.0
1.040552 0.0
gene46
-0.239617 0.0
-0.013353 0.0
gene47
-2.931152 0.0
-1.218855 0.0
gene48
-0.248466 0.0
-5.611323 0.0
gene49
2.704095 0.0
4.931999 0.0
gene50
6.832668 0.0
5.113733 0.0
gene51
3.630914 0.0
-1.969851 0.0
gene52
1.314121 0.0
-1.962547 0.0
gene53
-2.344553 0.0
-4.538208 0.0
gene54
-0.899307 0.0
-3.629701 0.0
gene55
-3.332439 0.0
-3.332439 0.0
gene56
-7.942446 0.0
-7.942446 0.0
gene57
9.550801 0.0
7.918819 0.0
gene58
-5.094991 0.0
-6.685260 0.0
gene59
-8.179932 0.0
-4.518072 0.0
gene60
-3.488393 0.0
-3.900753 0.0
gene61
7.023140 0.0
-0.056513 0.0
gene62
-2.103384 0.0
-6.261875 0.0
gene63
-3.135915 0.0
3.845349 0.0
gene64
-1.067435 0.0
-5.780669 0.0
gene65
-9.034565 0.0
-3.601692 0.0
gene66
-3.417564 0.0
-2.999537 0.0
gene67
-0.706706 0.0
0.398663 0.0
gene68
-8.114013 0.0
-7.974070 0.0
gene69
-7.355907 0.0
-6.051940 0.0
gene70
8.010715 0.0
8.010715 0.0
gene71
0.874253 0.0
-4.601962 0.0
gene72
8.588271 0.0
8.588271 0.0
gene73
-8.163259 0.0
-4.187730 0.0
gene74
-1.610277 0.0
-0.155363 0.0
gene75
-2.446811 0.0
-4.329372 0.0
gene76
0.988481 0.0
0.988481 0.0
gene77
-7.056214 0.0
-8.074762 0.0
gene78
2.428480 0.0
-0.706877 0.0
gene79
7.646138 0.0
7.535210 0.0
gene80
4.150975 0.0
2.055333 0.0
gene81
6.240494 0.0
-0.814665 0.0
gene82
8.342549 0.0
6.290598 0.0
gene83
2.612176 0.0
4.354516 0.0
gene84
6.285093 0.0
5.300883 0.0
gene85
-6.156609 0.0
-6.375244 0.0
gene86
-2.616815 0.0
-2.218306 0.0
gene87
0.728499 0.0
-0.791003 0.0
gene88
3.668440 0.0
5.716991 0.0
gene89
-3.775666 0.0
-5.472885 0.0
gene90
9.255978 0.0
3.832815 0.0
gene91
4.866007 0.0
4.866007 0.0
gene92
-0.168445 0.0
0.139807 0.0
gene93
-3.584742 0.0
-3.584742 0.0
gene94
-4.200935 0.0
-1.212165 0.0
gene95
11.419965 0.0
10.462371 0.0
gene96
2.443705 0.0
2.808301 0.0
gene97
5.030481 0.0
2.505252 0.0
gene98
-0.405870 0.0
-3.251441 0.0
gene99
3.521020 0.0
3.295458 0.0
gene100
8.453036 0.0
13.695708 0.0
