gene1
21.479501 0.0
21.048451 0.0
gene2
22.497214 0.0
22.601358 0.0
gene3
21.540766 0.0
21.164966 0.0
gene4
21.135558 0.0
22.136089 0.0
gene5
22.885064 0.0
22.777155 0.0
gene6
23.470883 0.0
23.024027 0.0
gene7
23.199804 0.0
22.437659 0.0
gene8
21.088695 0.0
20.948329 0.0
gene9
20.851029 0.0
21.522671 0.0
gene10
23.379836 0.0
22.039567 0.0
gene11
21.008124 0.0
21.632558 0.0
gene12
23.034662 0.0
21.844792 0.0
gene13
23.697552 0.0
22.342420 0.0
gene14
22.622769 0.0
20.869512 0.0
gene15
22.151823 0.0
23.250339 0.0
gene16
22.284889 0.0
22.360359 0.0
gene17
19.906736 0.0
23.064932 0.0
gene18
24.193986 0.0
22.781137 0.0
gene19
23.545002 0.0
22.569985 0.0
gene20
21.623404 0.0
22.650637 0.0
gene21
22.739110 0.0
21.448356 0.0
gene22
22.120600 0.0
22.874524 0.0
gene23
21.770017 0.0
23.786801 0.0
gene24
21.620426 0.0
20.174830 0.0
gene25
22.437744 0.0
22.752526 0.0
gene26
23.342436 0.0
20.822317 0.0
gene27
22.726861 0.0
22.524849 0.0
gene28
24.019492 0.0
22.236420 0.0
gene29
23.803139 0.0
23.508170 0.0
gene30
23.626886 0.0
23.029477 0.0
gene31
22.597911 0.0
21.258885 0.0
gene32
21.446048 0.0
21.794071 0.0
gene33
22.085739 0.0
22.277106 0.0
gene34
22.531963 0.0
21.589934 0.0
gene35
23.265779 0.0
23.586561 0.0
gene36
23.638752 0.0
22.022674 0.0
gene37
23.930780 0.0
20.331030 0.0
gene38
22.670646 0.0
22.420793 0.0
gene39
22.530842 0.0
22.365535 0.0
gene40
23.304845 0.0
22.472787 0.0
gene41
23.489177 0.0
23.811025 0.0
gene42
22.545825 0.0
22.611271 0.0
gene43
21.188676 0.0
22.571484 0.0
gene44
23.346674 0.0
22.397818 0.0
gene45
23.424931 0.0
21.213792 0.0
gene46
21.467116 0.0
20.560429 0.0
gene47
22.666234 0.0
24.860816 0.0
gene48
22.742279 0.0
22.589973 0.0
gene49
21.796481 0.0
20.876459 0.0
gene50
22.644067 0.0
21.707207 0.0
gene51
21.284287 0.0
21.674436 0.0
gene52
23.158778 0.0
21.025144 0.0
gene53
21.752957 0.0
21.391940 0.0
gene54
23.108403 0.0
22.899933 0.0
gene55
21.563558 0.0
22.157557 0.0
gene56
20.373600 0.0
21.085016 0.0
gene57
21.557628 0.0
22.452745 0.0
gene58
24.433906 0.0
22.212929 0.0
gene59
22.864483 0.0
22.838254 0.0
gene60
22.813614 0.0
22.128626 0.0
gene61
21.301381 0.0
22.397697 0.0
gene62
22.785581 0.0
22.899436 0.0
gene63
22.959937 0.0
23.867225 0.0
gene64
22.925291 0.0
22.549066 0.0
gene65
22.723438 0.0
22.665667 0.0
gene66
22.033470 0.0
23.810585 0.0
gene67
21.542539 0.0
23.523133 0.0
gene68
22.528414 0.0
21.166175 0.0
gene69
21.616048 0.0
20.332208 0.0
gene70
23.042148 0.0
23.418735 0.0
gene71
21.426882 0.0
22.294231 0.0
gene72
23.137460 0.0
21.938719 0.0
gene73
22.215094 0.0
21.224947 0.0
gene74
21.355127 0.0
21.698514 0.0
gene75
22.268366 0.0
22.741161 0.0
gene76
21.222009 0.0
22.892400 0.0
gene77
22.243909 0.0
22.027335 0.0
gene78
21.733021 0.0
21.703766 0.0
gene79
22.752531 0.0
21.941607 0.0
gene80
21.596742 0.0
21.855872 0.0
gene81
22.581316 0.0
22.757814 0.0
gene82
21.510880 0.0
22.536826 0.0
gene83
24.385795 0.0
22.066688 0.0
gene84
23.653046 0.0
21.195078 0.0
gene85
22.023312 0.0
23.736407 0.0
gene86
20.667609 0.0
22.739982 0.0
gene87
23.332610 0.0
20.758391 0.0
gene88
22.670822 0.0
22.195349 0.0
gene89
21.763517 0.0
23.581819 0.0
gene90
21.229877 0.0
22.291186 0.0
gene91
21.686661 0.0
22.430741 0.0
gene92
23.740209 0.0
23.306263 0.0
gene93
22.321115 0.0
21.553238 0.0
gene94
23.152977 0.0
22.781893 0.0
gene95
22.337067 0.0
22.804857 0.0
gene96
24.441351 0.0
22.245864 0.0
gene97
22.062759 0.0
23.608690 0.0
gene98
21.368439 0.0
21.522907 0.0
gene99
21.893611 0.0
21.952732 0.0
gene100
21.537063 0.0
21.496514 0.0
gene101
22.462067 0.0
21.753285 0.0
gene102
21.057194 0.0
22.706405 0.0
gene103
22.445834 0.0
23.122098 0.0
gene104
23.480054 0.0
21.900634 0.0
gene105
22.273637 0.0
21.801997 0.0
gene106
21.482028 0.0
21.490090 0.0
gene107
23.320209 0.0
23.686354 0.0
gene108
20.564367 0.0
21.854360 0.0
gene109
20.632236 0.0
21.235025 0.0
gene110
23.470124 0.0
21.551394 0.0
gene111
23.065817 0.0
21.053273 0.0
gene112
20.028552 0.0
21.508627 0.0
gene113
19.775776 0.0
21.959296 0.0
gene114
21.744346 0.0
22.529616 0.0
gene115
22.819811 0.0
22.648840 0.0
gene116
22.709386 0.0
22.292839 0.0
gene117
23.070578 0.0
22.739797 0.0
gene118
23.574576 0.0
23.428313 0.0
gene119
21.879924 0.0
24.316819 0.0
gene120
22.429844 0.0
22.583380 0.0
gene121
19.738533 0.0
21.723453 0.0
gene122
23.630163 0.0
21.508023 0.0
gene123
23.460990 0.0
23.047817 0.0
gene124
23.138853 0.0
22.430569 0.0
gene125
22.688435 0.0
22.419213 0.0
gene126
23.093623 0.0
22.848702 0.0
gene127
22.063397 0.0
23.569542 0.0
gene128
22.374907 0.0
21.966794 0.0
gene129
20.961395 0.0
22.755138 0.0
gene130
21.949672 0.0
22.735768 0.0
gene131
24.222906 0.0
24.206831 0.0
gene132
22.271024 0.0
22.501484 0.0
gene133
22.739821 0.0
23.704174 0.0
gene134
21.605341 0.0
21.389361 0.0
gene135
22.487167 0.0
22.340295 0.0
gene136
22.486533 0.0
22.514201 0.0
gene137
23.154489 0.0
24.128863 0.0
gene138
23.151910 0.0
22.750401 0.0
gene139
23.696744 0.0
20.829275 0.0
gene140
22.127673 0.0
23.443405 0.0
gene141
22.209028 0.0
23.396188 0.0
gene142
23.152024 0.0
23.118880 0.0
gene143
23.624591 0.0
24.110668 0.0
gene144
23.770779 0.0
22.282698 0.0
gene145
21.351381 0.0
23.085470 0.0
gene146
23.471389 0.0
23.316873 0.0
gene147
23.482370 0.0
21.927717 0.0
gene148
23.155378 0.0
22.281933 0.0
gene149
23.182223 0.0
21.804676 0.0
gene150
22.306032 0.0
22.230008 0.0
gene151
21.493148 0.0
21.457765 0.0
gene152
21.567936 0.0
21.076625 0.0
gene153
22.905183 0.0
23.127920 0.0
gene154
21.373537 0.0
22.634458 0.0
gene155
21.874580 0.0
23.604054 0.0
gene156
21.308337 0.0
23.237142 0.0
gene157
22.178253 0.0
23.999948 0.0
gene158
22.104295 0.0
22.501152 0.0
gene159
21.917801 0.0
23.567991 0.0
gene160
22.786416 0.0
21.618851 0.0
gene161
21.974867 0.0
20.965119 0.0
gene162
22.566508 0.0
21.993146 0.0
gene163
21.032766 0.0
22.035800 0.0
gene164
23.019319 0.0
23.965893 0.0
gene165
20.499675 0.0
21.981582 0.0
gene166
22.276987 0.0
22.310563 0.0
gene167
21.737811 0.0
21.452733 0.0
gene168
22.726239 0.0
21.007108 0.0
gene169
22.432876 0.0
22.248395 0.0
gene170
22.558692 0.0
23.435968 0.0
gene171
22.348941 0.0
22.730327 0.0
gene172
22.129738 0.0
20.956470 0.0
gene173
22.818310 0.0
23.021035 0.0
gene174
23.280203 0.0
22.683926 0.0
gene175
22.653386 0.0
21.311351 0.0
gene176
21.857170 0.0
21.713070 0.0
gene177
21.884245 0.0
22.874283 0.0
gene178
21.146551 0.0
22.935194 0.0
gene179
23.921640 0.0
21.583330 0.0
gene180
23.165915 0.0
23.080711 0.0
gene181
22.729203 0.0
22.544638 0.0
gene182
20.983878 0.0
23.381504 0.0
gene183
21.726012 0.0
22.532386 0.0
gene184
21.756882 0.0
21.499607 0.0
gene185
23.620603 0.0
21.392618 0.0
gene186
22.197210 0.0
22.027375 0.0
gene187
22.589382 0.0
21.885380 0.0
gene188
21.111541 0.0
22.328283 0.0
gene189
20.325811 0.0
23.628277 0.0
gene190
22.855724 0.0
21.069131 0.0
gene191
24.028459 0.0
21.068049 0.0
gene192
22.382469 0.0
21.933630 0.0
gene193
22.254571 0.0
23.218211 0.0
gene194
20.448098 0.0
22.692893 0.0
gene195
21.968131 0.0
21.421275 0.0
gene196
22.126440 0.0
23.586153 0.0
gene197
22.040341 0.0
23.589130 0.0
gene198
23.103979 0.0
22.413509 0.0
gene199
20.139433 0.0
21.033319 0.0
gene200
23.896255 0.0
22.024648 0.0
gene201
22.944318 0.0
22.839979 0.0
gene202
23.646653 0.0
23.031930 0.0
gene203
22.949419 0.0
20.919247 0.0
gene204
22.969689 0.0
22.344777 0.0
gene205
21.234314 0.0
21.970104 0.0
gene206
22.078064 0.0
22.203444 0.0
gene207
20.299588 0.0
23.388828 0.0
gene208
21.430515 0.0
24.098321 0.0
gene209
23.575950 0.0
23.358338 0.0
gene210
22.836842 0.0
21.388064 0.0
gene211
22.401269 0.0
22.289070 0.0
gene212
23.112680 0.0
21.669424 0.0
gene213
22.670760 0.0
24.069012 0.0
gene214
23.254700 0.0
22.698853 0.0
gene215
23.033378 0.0
21.003829 0.0
gene216
22.023490 0.0
21.801436 0.0
gene217
21.450304 0.0
20.624149 0.0
gene218
21.706438 0.0
19.947746 0.0
gene219
22.585041 0.0
24.047434 0.0
gene220
22.059461 0.0
20.550868 0.0
gene221
23.176239 0.0
20.602380 0.0
gene222
22.455071 0.0
22.556197 0.0
gene223
22.562756 0.0
21.200733 0.0
gene224
21.592602 0.0
23.377031 0.0
gene225
21.809468 0.0
22.187578 0.0
gene226
22.619481 0.0
21.248323 0.0
gene227
23.002733 0.0
21.505185 0.0
gene228
22.469153 0.0
23.108371 0.0
gene229
22.190531 0.0
22.077461 0.0
gene230
23.950871 0.0
22.550840 0.0
gene231
20.972903 0.0
24.428677 0.0
gene232
21.992832 0.0
23.383204 0.0
gene233
21.354107 0.0
20.299210 0.0
gene234
23.076021 0.0
22.573029 0.0
gene235
23.189696 0.0
20.588283 0.0
gene236
20.731553 0.0
22.366186 0.0
gene237
23.602715 0.0
21.590331 0.0
gene238
21.906177 0.0
22.604849 0.0
gene239
23.797676 0.0
24.282069 0.0
gene240
21.668508 0.0
20.275426 0.0
gene241
21.750022 0.0
22.241038 0.0
gene242
20.622479 0.0
22.493521 0.0
gene243
25.201144 0.0
22.957785 0.0
gene244
22.725659 0.0
23.644003 0.0
gene245
22.506033 0.0
22.238383 0.0
gene246
20.825367 0.0
22.831515 0.0
gene247
21.761756 0.0
21.962795 0.0
gene248
22.691114 0.0
22.111637 0.0
gene249
21.595395 0.0
21.347156 0.0
gene250
23.930829 0.0
23.461180 0.0
gene251
23.875330 0.0
22.356109 0.0
gene252
23.313991 0.0
23.007011 0.0
gene253
22.996816 0.0
22.468608 0.0
gene254
21.461596 0.0
21.634959 0.0
gene255
23.607552 0.0
21.986250 0.0
gene256
22.871408 0.0
23.594426 0.0
gene257
21.269490 0.0
22.394526 0.0
gene258
20.999026 0.0
22.961968 0.0
gene259
21.935237 0.0
22.377283 0.0
gene260
21.606210 0.0
21.800964 0.0
gene261
22.361234 0.0
24.075187 0.0
gene262
20.944024 0.0
21.487222 0.0
gene263
22.237592 0.0
21.707312 0.0
gene264
23.689295 0.0
23.354865 0.0
gene265
22.401654 0.0
21.513602 0.0
gene266
21.287134 0.0
21.975762 0.0
gene267
21.686655 0.0
23.947320 0.0
gene268
22.385391 0.0
22.856378 0.0
gene269
23.558036 0.0
22.952226 0.0
gene270
23.180519 0.0
23.106396 0.0
gene271
21.233092 0.0
22.174345 0.0
gene272
22.496268 0.0
23.125825 0.0
gene273
22.182210 0.0
22.007555 0.0
gene274
23.658263 0.0
22.548455 0.0
gene275
20.769219 0.0
20.533361 0.0
gene276
23.546384 0.0
23.209654 0.0
gene277
22.778750 0.0
22.651479 0.0
gene278
22.521725 0.0
21.707280 0.0
gene279
22.543537 0.0
22.306534 0.0
gene280
24.012373 0.0
21.924819 0.0
gene281
22.232966 0.0
22.428832 0.0
gene282
22.643828 0.0
23.556583 0.0
gene283
24.258494 0.0
21.577058 0.0
gene284
23.075161 0.0
22.141922 0.0
gene285
21.993636 0.0
23.075151 0.0
gene286
21.416003 0.0
21.510153 0.0
gene287
22.102783 0.0
23.168518 0.0
gene288
22.749598 0.0
22.466430 0.0
gene289
21.117275 0.0
21.735155 0.0
gene290
22.011465 0.0
22.325002 0.0
gene291
22.988077 0.0
23.238622 0.0
gene292
22.441832 0.0
23.072800 0.0
gene293
22.628934 0.0
21.630857 0.0
gene294
22.710976 0.0
22.297769 0.0
gene295
23.532275 0.0
22.448756 0.0
gene296
20.922943 0.0
22.015474 0.0
gene297
21.883668 0.0
23.123848 0.0
gene298
22.725550 0.0
20.149902 0.0
gene299
25.631907 0.0
21.922329 0.0
gene300
21.688491 0.0
23.075174 0.0
gene301
22.904294 0.0
21.569463 0.0
gene302
22.358632 0.0
21.066633 0.0
gene303
21.941496 0.0
23.493997 0.0
gene304
22.249227 0.0
23.343433 0.0
gene305
23.892149 0.0
23.632625 0.0
gene306
21.834769 0.0
21.359340 0.0
gene307
23.565206 0.0
20.530457 0.0
gene308
24.281556 0.0
22.490524 0.0
gene309
21.610350 0.0
21.519635 0.0
gene310
22.692485 0.0
20.118520 0.0
gene311
20.625637 0.0
21.242041 0.0
gene312
23.698341 0.0
23.950193 0.0
gene313
21.497336 0.0
19.775787 0.0
gene314
24.501225 0.0
21.801335 0.0
gene315
24.235844 0.0
20.843606 0.0
gene316
21.825113 0.0
22.342137 0.0
gene317
21.638398 0.0
22.605155 0.0
gene318
22.210225 0.0
21.922513 0.0
gene319
21.256679 0.0
21.544554 0.0
gene320
21.822611 0.0
21.515087 0.0
gene321
22.796108 0.0
23.703423 0.0
gene322
22.164134 0.0
22.588898 0.0
gene323
21.591155 0.0
21.434087 0.0
gene324
24.128573 0.0
22.793051 0.0
gene325
21.879132 0.0
23.662917 0.0
gene326
20.885292 0.0
24.248329 0.0
gene327
23.425809 0.0
22.114517 0.0
gene328
22.042715 0.0
23.296131 0.0
gene329
23.363420 0.0
22.548103 0.0
gene330
22.970178 0.0
22.468040 0.0
gene331
20.462092 0.0
22.228631 0.0
gene332
22.674864 0.0
21.483830 0.0
gene333
22.169268 0.0
21.996407 0.0
gene334
11.104600 0.0
11.606637 0.0
gene335
10.099451 0.0
12.241091 0.0
gene336
12.638153 0.0
10.721767 0.0
gene337
12.827548 0.0
10.970315 0.0
gene338
12.246073 0.0
8.630218 0.0
gene339
8.443904 0.0
9.483427 0.0
gene340
11.165995 0.0
11.393084 0.0
gene341
10.217664 0.0
10.898509 0.0
gene342
11.354994 0.0
10.255758 0.0
gene343
9.414648 0.0
10.598483 0.0
gene344
10.595108 0.0
11.278347 0.0
gene345
10.317120 0.0
11.147880 0.0
gene346
11.739361 0.0
11.828941 0.0
gene347
10.936815 0.0
11.855348 0.0
gene348
11.015272 0.0
12.336021 0.0
gene349
11.265872 0.0
11.220012 0.0
gene350
11.688790 0.0
11.062215 0.0
gene351
11.103909 0.0
11.596196 0.0
gene352
10.777014 0.0
9.886954 0.0
gene353
11.683886 0.0
12.105423 0.0
gene354
11.928068 0.0
11.693452 0.0
gene355
11.167083 0.0
10.017314 0.0
gene356
9.847134 0.0
11.911168 0.0
gene357
11.487312 0.0
11.717365 0.0
gene358
12.770055 0.0
12.760599 0.0
gene359
10.213333 0.0
9.868269 0.0
gene360
11.026265 0.0
12.145465 0.0
gene361
12.274284 0.0
11.488639 0.0
gene362
10.354839 0.0
10.871502 0.0
gene363
10.934777 0.0
12.494789 0.0
gene364
11.520869 0.0
11.143838 0.0
gene365
11.245037 0.0
11.305192 0.0
gene366
11.178106 0.0
11.767355 0.0
gene367
11.618955 0.0
9.603154 0.0
gene368
11.357909 0.0
11.062473 0.0
gene369
12.371712 0.0
10.126998 0.0
gene370
10.603760 0.0
9.900296 0.0
gene371
10.977673 0.0
11.214699 0.0
gene372
10.368602 0.0
10.263557 0.0
gene373
10.901357 0.0
11.367125 0.0
gene374
11.419127 0.0
11.594316 0.0
gene375
12.726819 0.0
10.131469 0.0
gene376
12.696870 0.0
10.622291 0.0
gene377
12.808262 0.0
10.340435 0.0
gene378
10.635400 0.0
10.007271 0.0
gene379
11.678492 0.0
10.604716 0.0
gene380
10.674314 0.0
10.291141 0.0
gene381
11.773749 0.0
10.188089 0.0
gene382
10.895600 0.0
9.234661 0.0
gene383
11.209353 0.0
9.881300 0.0
gene384
11.937072 0.0
11.082391 0.0
gene385
11.943079 0.0
10.468682 0.0
gene386
10.138827 0.0
11.090193 0.0
gene387
11.362928 0.0
10.642566 0.0
gene388
10.929711 0.0
11.957499 0.0
gene389
10.178657 0.0
9.308842 0.0
gene390
12.284146 0.0
9.213330 0.0
gene391
9.787356 0.0
11.390112 0.0
gene392
11.054499 0.0
11.143717 0.0
gene393
11.693526 0.0
10.332286 0.0
gene394
8.649949 0.0
10.596012 0.0
gene395
9.233012 0.0
11.461713 0.0
gene396
9.594641 0.0
11.190950 0.0
gene397
12.518807 0.0
12.912935 0.0
gene398
11.296386 0.0
11.587898 0.0
gene399
10.899801 0.0
8.353892 0.0
gene400
11.000885 0.0
11.481109 0.0
gene401
11.382416 0.0
13.180026 0.0
gene402
9.940773 0.0
10.322172 0.0
gene403
11.620156 0.0
10.758111 0.0
gene404
11.879741 0.0
10.761148 0.0
gene405
11.006528 0.0
11.657200 0.0
gene406
11.555916 0.0
11.305654 0.0
gene407
10.311581 0.0
11.914773 0.0
gene408
10.740406 0.0
11.422822 0.0
gene409
11.828200 0.0
11.394378 0.0
gene410
11.866091 0.0
12.192754 0.0
gene411
9.935254 0.0
11.336011 0.0
gene412
10.850617 0.0
11.535326 0.0
gene413
11.950891 0.0
9.477681 0.0
gene414
11.578434 0.0
9.971093 0.0
gene415
9.653872 0.0
12.386832 0.0
gene416
10.755034 0.0
11.310891 0.0
gene417
10.747870 0.0
11.608786 0.0
gene418
9.415823 0.0
9.476052 0.0
gene419
11.162854 0.0
9.645671 0.0
gene420
11.905427 0.0
12.247234 0.0
gene421
11.948649 0.0
11.260848 0.0
gene422
12.142402 0.0
10.192089 0.0
gene423
10.901862 0.0
11.443810 0.0
gene424
10.709801 0.0
10.487434 0.0
gene425
11.610054 0.0
10.868950 0.0
gene426
9.271944 0.0
10.619709 0.0
gene427
11.095005 0.0
12.854735 0.0
gene428
10.505141 0.0
9.520185 0.0
gene429
10.326730 0.0
12.505424 0.0
gene430
12.169772 0.0
10.106403 0.0
gene431
12.052034 0.0
10.505337 0.0
gene432
10.989667 0.0
11.346248 0.0
gene433
11.105143 0.0
12.180931 0.0
gene434
11.111952 0.0
11.086435 0.0
gene435
9.883414 0.0
12.032887 0.0
gene436
9.621286 0.0
12.449826 0.0
gene437
11.721648 0.0
9.857419 0.0
gene438
8.912992 0.0
12.680423 0.0
gene439
11.531551 0.0
12.421661 0.0
gene440
12.666714 0.0
9.603081 0.0
gene441
11.705567 0.0
9.841706 0.0
gene442
12.858385 0.0
11.428822 0.0
gene443
10.190819 0.0
10.723108 0.0
gene444
12.951468 0.0
9.171234 0.0
gene445
9.974074 0.0
9.754148 0.0
gene446
11.033964 0.0
11.535862 0.0
gene447
10.519328 0.0
12.478520 0.0
gene448
12.993084 0.0
12.669691 0.0
gene449
9.812590 0.0
12.134613 0.0
gene450
10.963384 0.0
11.456540 0.0
gene451
12.383645 0.0
9.205671 0.0
gene452
10.595126 0.0
11.302976 0.0
gene453
12.308201 0.0
9.463506 0.0
gene454
10.833043 0.0
11.425664 0.0
gene455
11.255629 0.0
11.546927 0.0
gene456
10.955050 0.0
10.770795 0.0
gene457
12.204142 0.0
11.611646 0.0
gene458
10.321747 0.0
10.264832 0.0
gene459
11.934961 0.0
10.840095 0.0
gene460
12.029492 0.0
10.557826 0.0
gene461
11.791104 0.0
9.765218 0.0
gene462
12.015243 0.0
11.430007 0.0
gene463
11.689978 0.0
12.386580 0.0
gene464
9.444337 0.0
10.588651 0.0
gene465
11.652795 0.0
10.127621 0.0
gene466
10.595105 0.0
9.067940 0.0
gene467
9.612073 0.0
11.050816 0.0
gene468
9.495228 0.0
11.107551 0.0
gene469
11.526756 0.0
10.560923 0.0
gene470
11.779350 0.0
9.416461 0.0
gene471
12.240137 0.0
10.998006 0.0
gene472
12.076823 0.0
11.608808 0.0
gene473
12.538661 0.0
10.033075 0.0
gene474
13.004958 0.0
10.813714 0.0
gene475
10.605385 0.0
10.931549 0.0
gene476
11.371374 0.0
10.361026 0.0
gene477
11.920765 0.0
10.476973 0.0
gene478
10.362845 0.0
13.208546 0.0
gene479
10.081165 0.0
9.147183 0.0
gene480
12.420641 0.0
10.004903 0.0
gene481
10.236544 0.0
11.323358 0.0
gene482
10.650076 0.0
9.994027 0.0
gene483
12.402962 0.0
11.757937 0.0
gene484
11.024156 0.0
10.988526 0.0
gene485
10.269595 0.0
10.157083 0.0
gene486
11.792714 0.0
10.438299 0.0
gene487
11.647856 0.0
9.804512 0.0
gene488
10.967018 0.0
11.114765 0.0
gene489
11.166257 0.0
8.749764 0.0
gene490
-1.543897 0.0
-2.777175 0.0
gene491
-0.310964 0.0
0.352807 0.0
gene492
-1.860909 0.0
0.310716 0.0
gene493
-1.867080 0.0
-0.152770 0.0
gene494
-1.048492 0.0
-1.045360 0.0
gene495
-1.315513 0.0
-0.217649 0.0
gene496
-0.971352 0.0
-1.017919 0.0
gene497
-1.032857 0.0
-1.172705 0.0
gene498
0.524571 0.0
-0.951360 0.0
gene499
-0.509472 0.0
-1.392883 0.0
gene500
-1.364766 0.0
-0.853619 0.0
gene501
-0.603681 0.0
-0.097535 0.0
gene502
-0.649491 0.0
0.855974 0.0
gene503
-0.313706 0.0
0.573326 0.0
gene504
-0.565221 0.0
1.160211 0.0
gene505
-1.634533 0.0
-0.853663 0.0
gene506
0.252500 0.0
-1.701692 0.0
gene507
1.424363 0.0
-0.549444 0.0
gene508
-2.158401 0.0
-0.177992 0.0
gene509
0.612509 0.0
-2.567784 0.0
gene510
0.608463 0.0
-1.553260 0.0
gene511
-1.002943 0.0
-0.133224 0.0
gene512
0.362912 0.0
0.356345 0.0
gene513
-0.487291 0.0
-0.655634 0.0
gene514
-0.889770 0.0
-0.702492 0.0
gene515
1.234528 0.0
-2.235481 0.0
gene516
-0.892958 0.0
-0.178771 0.0
gene517
0.121086 0.0
0.124290 0.0
gene518
-0.949563 0.0
-2.512321 0.0
gene519
-1.147507 0.0
-0.594009 0.0
gene520
-1.294927 0.0
-1.453462 0.0
gene521
-0.818995 0.0
-1.711186 0.0
gene522
-0.309784 0.0
-1.189624 0.0
gene523
-1.461212 0.0
0.034628 0.0
gene524
1.953224 0.0
-0.337094 0.0
gene525
0.106700 0.0
-1.377982 0.0
gene526
-0.494287 0.0
-0.099299 0.0
gene527
-1.113244 0.0
-1.583370 0.0
gene528
-0.619003 0.0
0.427392 0.0
gene529
0.675506 0.0
-1.508451 0.0
gene530
-1.134888 0.0
0.459459 0.0
gene531
-3.404658 0.0
-1.459435 0.0
gene532
0.174104 0.0
-0.539023 0.0
gene533
-0.630970 0.0
0.793512 0.0
gene534
-0.515842 0.0
-2.090935 0.0
gene535
-1.360601 0.0
-0.845408 0.0
gene536
-1.449512 0.0
-1.832542 0.0
gene537
-0.351362 0.0
-1.324460 0.0
gene538
-1.341483 0.0
-0.222660 0.0
gene539
-0.332583 0.0
-2.158321 0.0
gene540
-0.321870 0.0
0.269203 0.0
gene541
-1.346816 0.0
0.017651 0.0
gene542
-1.017178 0.0
-1.358283 0.0
gene543
-0.478217 0.0
-1.163543 0.0
gene544
-0.501754 0.0
-1.830735 0.0
gene545
-1.289444 0.0
-1.164833 0.0
gene546
-1.299597 0.0
-1.619789 0.0
gene547
-0.267406 0.0
-1.437607 0.0
gene548
-0.054874 0.0
-1.740520 0.0
gene549
-0.551720 0.0
0.416224 0.0
gene550
0.205363 0.0
1.429396 0.0
gene551
-0.691566 0.0
-0.663253 0.0
gene552
0.491974 0.0
-0.901108 0.0
gene553
-1.225061 0.0
0.586475 0.0
gene554
-0.527140 0.0
0.047394 0.0
gene555
0.096948 0.0
-0.581791 0.0
gene556
-0.086025 0.0
-2.677041 0.0
gene557
-0.390288 0.0
-1.670863 0.0
gene558
-0.989715 0.0
-0.595114 0.0
gene559
-1.202109 0.0
-1.347140 0.0
gene560
-2.155904 0.0
-1.990863 0.0
gene561
-1.785167 0.0
0.770889 0.0
gene562
-0.253872 0.0
0.108467 0.0
gene563
-1.616183 0.0
-1.033429 0.0
gene564
-1.009064 0.0
0.632980 0.0
gene565
-3.028902 0.0
-1.013869 0.0
gene566
0.213125 0.0
-1.985021 0.0
gene567
1.455368 0.0
-0.782534 0.0
gene568
-0.723429 0.0
-0.533641 0.0
gene569
-1.650004 0.0
-0.874426 0.0
gene570
0.061941 0.0
0.173919 0.0
gene571
-0.356164 0.0
-2.510848 0.0
gene572
-0.053772 0.0
1.301784 0.0
gene573
-0.181335 0.0
-0.681658 0.0
gene574
-1.065714 0.0
-0.233234 0.0
gene575
0.233704 0.0
-0.242884 0.0
gene576
-0.368353 0.0
0.736468 0.0
gene577
-0.343840 0.0
-0.054241 0.0
gene578
-0.496783 0.0
0.987145 0.0
gene579
0.410737 0.0
-0.545416 0.0
gene580
0.941734 0.0
-1.017165 0.0
gene581
-2.350809 0.0
-1.380593 0.0
gene582
-5.296108 0.0
-2.311518 0.0
gene583
-4.158214 0.0
-4.164817 0.0
gene584
-4.371799 0.0
-4.560466 0.0
gene585
-5.448886 0.0
-4.673034 0.0
gene586
-4.139135 0.0
-5.153972 0.0
gene587
-5.454485 0.0
-4.937803 0.0
gene588
-4.039495 0.0
-4.243995 0.0
gene589
-3.890199 0.0
-2.765924 0.0
gene590
-3.760601 0.0
-3.808465 0.0
gene591
-5.533683 0.0
-4.514939 0.0
gene592
-5.712254 0.0
-3.906750 0.0
gene593
-4.369994 0.0
-5.568008 0.0
gene594
-3.573523 0.0
-5.832020 0.0
gene595
-2.996967 0.0
-6.593710 0.0
gene596
-4.769101 0.0
-5.972197 0.0
gene597
-3.544729 0.0
-4.965928 0.0
gene598
-3.430512 0.0
-5.405952 0.0
gene599
-5.388147 0.0
-4.192645 0.0
gene600
-4.491549 0.0
-2.501258 0.0
gene601
-3.750413 0.0
-3.183236 0.0
gene602
-5.849654 0.0
-3.005532 0.0
gene603
-4.638110 0.0
-5.050992 0.0
gene604
-3.790255 0.0
-5.442288 0.0
gene605
-3.691337 0.0
-3.815175 0.0
gene606
-5.604639 0.0
-2.388570 0.0
gene607
-3.545160 0.0
-4.058722 0.0
gene608
-5.657310 0.0
-4.535301 0.0
gene609
-4.775214 0.0
-3.620416 0.0
gene610
-4.507994 0.0
-4.357602 0.0
gene611
-3.724069 0.0
-3.053858 0.0
gene612
-4.076161 0.0
-3.947051 0.0
gene613
-4.423203 0.0
-4.704678 0.0
gene614
-3.438267 0.0
-3.893718 0.0
gene615
-5.226929 0.0
-4.040265 0.0
gene616
-6.276242 0.0
-5.393590 0.0
gene617
-5.632575 0.0
-6.390894 0.0
gene618
-4.177411 0.0
-3.095266 0.0
gene619
-4.778130 0.0
-4.360124 0.0
gene620
-4.326810 0.0
-6.765964 0.0
gene621
-4.729273 0.0
-6.164922 0.0
gene622
-4.578307 0.0
-4.949849 0.0
gene623
-4.179675 0.0
-4.245368 0.0
gene624
-5.607133 0.0
-4.894121 0.0
gene625
-4.115015 0.0
-4.374938 0.0
gene626
-3.000372 0.0
-3.663540 0.0
gene627
-5.072418 0.0
-1.928717 0.0
gene628
-4.972043 0.0
-4.653186 0.0
gene629
-4.712203 0.0
-5.162872 0.0
gene630
-4.031321 0.0
-6.327109 0.0
gene631
-4.306983 0.0
-5.263402 0.0
gene632
-4.078512 0.0
-3.557806 0.0
gene633
-4.707218 0.0
-3.560287 0.0
gene634
-7.300157 0.0
-3.994076 0.0
gene635
-7.640986 0.0
-2.173713 0.0
gene636
-4.090793 0.0
-3.804775 0.0
gene637
-4.382676 0.0
-6.061629 0.0
gene638
-4.743786 0.0
-5.369985 0.0
gene639
-5.236050 0.0
-4.371505 0.0
gene640
-3.422427 0.0
-5.484576 0.0
gene641
-5.509968 0.0
-3.667496 0.0
gene642
-4.187583 0.0
-3.727454 0.0
gene643
-4.632515 0.0
-3.544851 0.0
gene644
-7.174769 0.0
-3.720627 0.0
gene645
-4.554891 0.0
-7.131119 0.0
gene646
-3.264344 0.0
-4.289449 0.0
gene647
-4.884483 0.0
-6.226377 0.0
gene648
-3.909672 0.0
-4.894123 0.0
gene649
-5.593461 0.0
-2.447075 0.0
gene650
-4.283596 0.0
-2.212639 0.0
gene651
-3.249507 0.0
-4.443388 0.0
gene652
-3.761963 0.0
-5.902000 0.0
gene653
-5.849957 0.0
-4.940319 0.0
gene654
-4.275762 0.0
-5.065045 0.0
gene655
-5.109997 0.0
-2.012692 0.0
gene656
-5.662800 0.0
-3.429229 0.0
gene657
-4.581776 0.0
-4.311087 0.0
gene658
-5.182542 0.0
-4.991542 0.0
gene659
-3.598567 0.0
-4.142831 0.0
gene660
-5.265384 0.0
-5.250530 0.0
gene661
-4.808439 0.0
-4.502430 0.0
gene662
-6.091182 0.0
-6.410057 0.0
gene663
-5.532325 0.0
-6.180016 0.0
gene664
-3.807551 0.0
-4.158993 0.0
gene665
-4.650224 0.0
-5.540408 0.0
gene666
-5.638945 0.0
-4.762507 0.0
gene667
-5.527186 0.0
-6.537608 0.0
gene668
-5.364331 0.0
-6.313123 0.0
gene669
-3.920734 0.0
-4.798899 0.0
gene670
-5.737584 0.0
-4.854947 0.0
gene671
-7.651450 0.0
-4.700552 0.0
gene672
-6.132163 0.0
-5.194899 0.0
gene673
-6.190349 0.0
-3.739789 0.0
gene674
-5.883122 0.0
-7.713823 0.0
gene675
-7.277977 0.0
-6.468743 0.0
gene676
-4.953379 0.0
-6.039532 0.0
gene677
-4.861508 0.0
-3.393021 0.0
gene678
-5.643916 0.0
-4.543952 0.0
gene679
-3.949425 0.0
-6.067045 0.0
gene680
-4.801140 0.0
-6.037098 0.0
gene681
-5.355292 0.0
-6.296617 0.0
gene682
-5.460945 0.0
-6.213660 0.0
gene683
-4.365667 0.0
-3.925952 0.0
gene684
-3.849573 0.0
-5.749912 0.0
gene685
-4.980612 0.0
-4.016244 0.0
gene686
-4.997261 0.0
-4.687175 0.0
gene687
-4.936519 0.0
-5.976665 0.0
gene688
-4.763454 0.0
-4.791055 0.0
gene689
-5.368108 0.0
-6.483110 0.0
gene690
-4.834552 0.0
-4.659979 0.0
gene691
-4.730362 0.0
-4.870207 0.0
gene692
-6.381858 0.0
-4.339778 0.0
gene693
-5.554289 0.0
-5.174320 0.0
gene694
-6.755765 0.0
-5.399540 0.0
gene695
-4.740006 0.0
-4.934801 0.0
gene696
-4.204246 0.0
-3.770836 0.0
gene697
-4.992146 0.0
-5.493326 0.0
gene698
-5.282273 0.0
-6.403242 0.0
gene699
-3.910612 0.0
-5.908693 0.0
gene700
-4.778801 0.0
-7.270409 0.0
gene701
-5.488794 0.0
-6.365272 0.0
gene702
-5.589752 0.0
-5.225250 0.0
gene703
-4.531203 0.0
-5.381753 0.0
gene704
-6.987244 0.0
-4.718469 0.0
gene705
-4.920620 0.0
-5.612198 0.0
gene706
-5.716648 0.0
-5.267605 0.0
gene707
-5.811612 0.0
-5.735314 0.0
gene708
-4.562015 0.0
-3.461521 0.0
gene709
-7.331212 0.0
-5.167329 0.0
gene710
-5.032656 0.0
-5.128082 0.0
gene711
-5.898285 0.0
-4.837255 0.0
gene712
-5.664345 0.0
-6.019980 0.0
gene713
-5.247581 0.0
-6.629023 0.0
gene714
-5.612488 0.0
-6.521995 0.0
gene715
-4.551858 0.0
-5.960448 0.0
gene716
-5.027198 0.0
-4.937168 0.0
gene717
-4.696183 0.0
-5.080206 0.0
gene718
-6.071558 0.0
-3.641639 0.0
gene719
-4.846273 0.0
-5.599807 0.0
gene720
-5.655370 0.0
-3.934240 0.0
gene721
-5.118315 0.0
-3.207645 0.0
gene722
-4.386418 0.0
-5.476023 0.0
gene723
-2.827742 0.0
-5.247518 0.0
gene724
-6.788197 0.0
-4.284746 0.0
gene725
-7.444348 0.0
-6.008637 0.0
gene726
-4.963289 0.0
-6.119048 0.0
gene727
-5.744837 0.0
-4.463697 0.0
gene728
-4.967275 0.0
-4.735307 0.0
gene729
-5.133997 0.0
-6.509087 0.0
gene730
-6.563101 0.0
-4.537052 0.0
gene731
-7.318453 0.0
-5.638934 0.0
gene732
-3.963964 0.0
-6.999621 0.0
gene733
-4.964953 0.0
-3.851799 0.0
gene734
-6.126459 0.0
-7.107107 0.0
gene735
-6.017065 0.0
-5.327992 0.0
gene736
-6.093826 0.0
-4.947911 0.0
gene737
-5.732083 0.0
-4.162637 0.0
gene738
-3.788475 0.0
-5.367377 0.0
gene739
-4.072346 0.0
-5.608085 0.0
gene740
0.090993 0.0
2.502751 0.0
gene741
0.407375 0.0
0.535411 0.0
gene742
-0.197094 0.0
-0.721724 0.0
gene743
-0.782220 0.0
0.250588 0.0
gene744
0.642632 0.0
-1.193015 0.0
gene745
-1.025285 0.0
0.134144 0.0
gene746
-0.767510 0.0
-1.396382 0.0
gene747
0.825106 0.0
-0.189098 0.0
gene748
0.390657 0.0
-0.460717 0.0
gene749
0.073393 0.0
0.798100 0.0
gene750
1.156520 0.0
0.223774 0.0
gene751
0.161625 0.0
1.388073 0.0
gene752
-1.649698 0.0
0.333127 0.0
gene753
-0.321461 0.0
0.055624 0.0
gene754
-0.523015 0.0
-1.758047 0.0
gene755
-0.253983 0.0
-0.354895 0.0
gene756
-0.794614 0.0
0.253574 0.0
gene757
2.041905 0.0
0.102609 0.0
gene758
0.353748 0.0
-0.497950 0.0
gene759
-0.550496 0.0
0.699071 0.0
gene760
-0.025538 0.0
-0.438232 0.0
gene761
-0.207933 0.0
0.038526 0.0
gene762
1.780375 0.0
-1.737881 0.0
gene763
0.259717 0.0
1.488314 0.0
gene764
0.603574 0.0
-0.005768 0.0
gene765
0.377873 0.0
0.854402 0.0
gene766
-0.504318 0.0
-0.755172 0.0
gene767
1.279096 0.0
-1.822938 0.0
gene768
-0.114667 0.0
0.569395 0.0
gene769
-0.162158 0.0
0.776198 0.0
gene770
-0.186246 0.0
0.509756 0.0
gene771
-0.047077 0.0
1.278228 0.0
gene772
-0.075058 0.0
0.258687 0.0
gene773
-0.875515 0.0
0.871957 0.0
gene774
-1.151689 0.0
-0.258796 0.0
gene775
1.387975 0.0
0.603170 0.0
gene776
1.522002 0.0
-0.596776 0.0
gene777
0.775162 0.0
-0.305503 0.0
gene778
-0.639709 0.0
-0.282990 0.0
gene779
-1.371328 0.0
-0.973111 0.0
gene780
-0.455379 0.0
-0.946214 0.0
gene781
-1.140839 0.0
1.107379 0.0
gene782
0.606019 0.0
-0.316455 0.0
gene783
1.229342 0.0
1.190630 0.0
gene784
0.040885 0.0
0.362694 0.0
gene785
0.265001 0.0
0.857142 0.0
gene786
-0.246285 0.0
-0.937300 0.0
gene787
-0.391892 0.0
0.941525 0.0
gene788
0.514935 0.0
-2.149453 0.0
gene789
-0.273670 0.0
2.854020 0.0
gene790
1.056499 0.0
-0.321878 0.0
gene791
0.273890 0.0
-0.109095 0.0
gene792
-0.740837 0.0
-0.985219 0.0
gene793
1.435366 0.0
-1.988333 0.0
gene794
0.266522 0.0
-0.000734 0.0
gene795
1.592209 0.0
0.649769 0.0
gene796
-0.558216 0.0
0.155173 0.0
gene797
-0.220661 0.0
0.551120 0.0
gene798
0.053582 0.0
-0.872775 0.0
gene799
-1.487375 0.0
-1.376734 0.0
gene800
0.426731 0.0
-0.016786 0.0
gene801
-0.240941 0.0
-0.887911 0.0
gene802
0.843760 0.0
0.417958 0.0
gene803
1.069537 0.0
-0.137959 0.0
gene804
-5.420765 0.0
-4.001601 0.0
gene805
-3.622422 0.0
-4.924254 0.0
gene806
-2.663976 0.0
-4.753777 0.0
gene807
-4.455406 0.0
-3.576593 0.0
gene808
-2.847850 0.0
-3.212420 0.0
gene809
-4.006992 0.0
-3.965064 0.0
gene810
-4.252265 0.0
-4.944541 0.0
gene811
-3.194664 0.0
-2.534190 0.0
gene812
-3.733505 0.0
-3.234372 0.0
gene813
-3.800803 0.0
-4.339392 0.0
gene814
-2.916354 0.0
-4.700369 0.0
gene815
-6.276305 0.0
-6.853352 0.0
gene816
-4.118623 0.0
-4.533030 0.0
gene817
-3.228029 0.0
-3.425178 0.0
gene818
-4.131347 0.0
-3.825707 0.0
gene819
-5.378731 0.0
-3.959100 0.0
gene820
-3.472400 0.0
-3.962291 0.0
gene821
-3.222783 0.0
-3.753737 0.0
gene822
-3.955579 0.0
-5.579700 0.0
gene823
-5.330622 0.0
-5.072942 0.0
gene824
-3.679608 0.0
-3.147815 0.0
gene825
-4.347607 0.0
-5.804161 0.0
gene826
-4.040605 0.0
-3.834810 0.0
gene827
-4.202784 0.0
-4.776618 0.0
gene828
-4.523279 0.0
-4.405019 0.0
gene829
-3.901889 0.0
-3.521997 0.0
gene830
-1.356256 0.0
-4.520898 0.0
gene831
-4.192599 0.0
-2.611462 0.0
gene832
-3.673460 0.0
-3.989804 0.0
gene833
-5.306772 0.0
-4.827027 0.0
gene834
-3.693733 0.0
-6.010238 0.0
gene835
-6.196573 0.0
-5.636074 0.0
gene836
-4.162457 0.0
-4.600096 0.0
gene837
-3.096669 0.0
-4.331691 0.0
gene838
-3.386342 0.0
-3.010456 0.0
gene839
-4.156053 0.0
-2.292932 0.0
gene840
-4.595741 0.0
-4.485616 0.0
gene841
-4.221968 0.0
-4.023819 0.0
gene842
-2.741166 0.0
-5.954293 0.0
gene843
-6.370857 0.0
-5.161051 0.0
gene844
-2.475525 0.0
-5.937418 0.0
gene845
-4.306647 0.0
-3.446501 0.0
gene846
-3.419794 0.0
-4.458532 0.0
gene847
-5.249878 0.0
-1.960581 0.0
gene848
-2.483179 0.0
-2.758870 0.0
gene849
-5.949537 0.0
-3.112875 0.0
gene850
-3.521111 0.0
-4.460265 0.0
gene851
-3.577696 0.0
-5.488771 0.0
gene852
-6.446282 0.0
-4.665902 0.0
gene853
-4.926766 0.0
-4.650157 0.0
gene854
-3.801482 0.0
-5.153765 0.0
gene855
-5.046050 0.0
-2.726045 0.0
gene856
-4.657922 0.0
-2.313617 0.0
gene857
-3.298206 0.0
-4.321166 0.0
gene858
-3.214151 0.0
-3.261177 0.0
gene859
-2.940632 0.0
-5.179431 0.0
gene860
-3.457321 0.0
-3.663598 0.0
gene861
-2.948337 0.0
-3.160111 0.0
gene862
-4.369489 0.0
-3.882263 0.0
gene863
-3.653946 0.0
-1.585056 0.0
gene864
-3.474857 0.0
-3.362044 0.0
gene865
-2.954430 0.0
-2.682753 0.0
gene866
-3.149563 0.0
-3.431606 0.0
gene867
-3.280289 0.0
-3.743270 0.0
gene868
-3.224236 0.0
-5.463098 0.0
gene869
-3.862861 0.0
-2.021576 0.0
gene870
-3.253289 0.0
-2.851136 0.0
gene871
-4.289912 0.0
-2.994663 0.0
gene872
-3.116598 0.0
-3.422717 0.0
gene873
-3.902926 0.0
-3.400378 0.0
gene874
-0.874067 0.0
-3.914277 0.0
gene875
-5.382107 0.0
-3.157964 0.0
gene876
-3.170190 0.0
-4.221981 0.0
gene877
-3.191628 0.0
-3.381491 0.0
gene878
-3.702240 0.0
-5.043385 0.0
gene879
-3.046599 0.0
-4.445064 0.0
gene880
-3.868444 0.0
-4.581579 0.0
gene881
-3.510763 0.0
-3.376462 0.0
gene882
-3.148118 0.0
-3.612056 0.0
gene883
6.780167 0.0
3.106633 0.0
gene884
3.610247 0.0
3.908158 0.0
gene885
4.517788 0.0
3.789669 0.0
gene886
4.295657 0.0
5.441709 0.0
gene887
5.062501 0.0
3.331506 0.0
gene888
3.571531 0.0
4.679304 0.0
gene889
4.650438 0.0
3.334362 0.0
gene890
4.566616 0.0
2.486657 0.0
gene891
4.490443 0.0
4.759310 0.0
gene892
4.145572 0.0
3.272489 0.0
gene893
3.566306 0.0
4.120581 0.0
gene894
4.140353 0.0
3.920995 0.0
gene895
4.440641 0.0
4.825262 0.0
gene896
4.579732 0.0
3.528026 0.0
gene897
3.734680 0.0
3.290725 0.0
gene898
5.006238 0.0
3.925281 0.0
gene899
5.560963 0.0
4.577341 0.0
gene900
4.001925 0.0
4.724230 0.0
gene901
4.352052 0.0
2.120492 0.0
gene902
5.171009 0.0
4.702244 0.0
gene903
3.744899 0.0
3.861464 0.0
gene904
5.054601 0.0
3.528013 0.0
gene905
5.513445 0.0
3.823151 0.0
gene906
3.306342 0.0
3.424249 0.0
gene907
3.410078 0.0
4.365648 0.0
gene908
4.377385 0.0
3.292069 0.0
gene909
4.618551 0.0
4.896729 0.0
gene910
4.475305 0.0
4.529005 0.0
gene911
3.598015 0.0
5.071977 0.0
gene912
2.590877 0.0
5.007663 0.0
gene913
4.804015 0.0
4.738294 0.0
gene914
5.820941 0.0
5.682524 0.0
gene915
3.372409 0.0
4.163621 0.0
gene916
6.026752 0.0
4.738421 0.0
gene917
5.624929 0.0
3.443044 0.0
gene918
-6.162696 0.0
-5.424835 0.0
gene919
-6.643617 0.0
-7.147896 0.0
gene920
-7.686966 0.0
-6.376202 0.0
gene921
-6.189192 0.0
-8.282031 0.0
gene922
-8.543378 0.0
-5.739431 0.0
gene923
-8.307128 0.0
-7.498566 0.0
gene924
-5.796044 0.0
-7.256578 0.0
gene925
-4.884777 0.0
-5.801430 0.0
gene926
-6.403061 0.0
-6.109987 0.0
gene927
-6.326791 0.0
-6.194812 0.0
gene928
-6.558467 0.0
-6.208598 0.0
gene929
-8.004580 0.0
-7.807757 0.0
gene930
-6.133878 0.0
-4.978970 0.0
gene931
-6.361754 0.0
-5.919810 0.0
gene932
-7.972356 0.0
-6.883278 0.0
gene933
-7.134040 0.0
-5.327035 0.0
gene934
-5.011528 0.0
-6.953638 0.0
gene935
-8.372793 0.0
-7.780948 0.0
gene936
-6.702102 0.0
-4.523261 0.0
gene937
-6.692013 0.0
-5.206162 0.0
gene938
-5.328098 0.0
-7.630612 0.0
gene939
-6.252356 0.0
-6.447715 0.0
gene940
-6.293288 0.0
-6.699269 0.0
gene941
-5.153710 0.0
-8.801317 0.0
gene942
-6.633017 0.0
-8.361266 0.0
gene943
-5.165818 0.0
-6.358469 0.0
gene944
-4.803818 0.0
-6.205380 0.0
gene945
-5.068441 0.0
-7.048535 0.0
gene946
-5.235411 0.0
-6.716625 0.0
gene947
-8.125979 0.0
-6.706424 0.0
gene948
-5.619744 0.0
-6.983364 0.0
gene949
-6.029845 0.0
-5.961401 0.0
gene950
-6.644019 0.0
-5.165655 0.0
gene951
0.075769 0.0
0.376761 0.0
gene952
5.009553 0.0
1.919007 0.0
gene953
-0.944766 0.0
-0.541022 0.0
gene954
1.211725 0.0
0.920560 0.0
gene955
0.729528 0.0
1.249219 0.0
gene956
0.686600 0.0
2.575845 0.0
gene957
0.648566 0.0
1.602630 0.0
gene958
1.534606 0.0
0.562678 0.0
gene959
0.213477 0.0
2.145292 0.0
gene960
-0.447594 0.0
1.037995 0.0
gene961
-0.898973 0.0
1.222090 0.0
gene962
0.460524 0.0
-1.251302 0.0
gene963
-0.187139 0.0
-0.871347 0.0
gene964
-0.494362 0.0
-0.668305 0.0
gene965
0.561226 0.0
1.114602 0.0
gene966
-0.419257 0.0
-0.336643 0.0
gene967
0.206107 0.0
-0.903772 0.0
gene968
0.860132 0.0
0.239651 0.0
gene969
-1.301254 0.0
1.172168 0.0
gene970
-0.042809 0.0
2.247356 0.0
gene971
0.620855 0.0
0.344916 0.0
gene972
0.846534 0.0
0.736761 0.0
gene973
-0.507599 0.0
-1.187329 0.0
gene974
1.387420 0.0
-0.218614 0.0
gene975
-0.103621 0.0
-0.885450 0.0
gene976
-0.002244 0.0
-0.840079 0.0
gene977
3.545960 0.0
1.760491 0.0
gene978
0.358538 0.0
2.185735 0.0
gene979
3.227906 0.0
1.694755 0.0
gene980
3.013975 0.0
1.320402 0.0
gene981
1.106359 0.0
2.039733 0.0
gene982
1.409035 0.0
1.773206 0.0
gene983
2.252545 0.0
1.159529 0.0
gene984
1.656682 0.0
2.078647 0.0
gene985
3.330725 0.0
1.337422 0.0
gene986
2.311528 0.0
1.790837 0.0
gene987
3.352835 0.0
2.145447 0.0
gene988
3.150680 0.0
1.674010 0.0
gene989
1.402456 0.0
3.176127 0.0
gene990
2.193777 0.0
1.533426 0.0
gene991
3.442348 0.0
2.985263 0.0
gene992
1.769270 0.0
1.406195 0.0
gene993
1.587688 0.0
0.654942 0.0
gene994
2.850002 0.0
2.837547 0.0
gene995
1.590245 0.0
1.201959 0.0
gene996
3.031468 0.0
-0.041855 0.0
gene997
1.669314 0.0
2.212426 0.0
gene998
2.247784 0.0
3.609807 0.0
gene999
2.789767 0.0
1.234232 0.0
gene1000
1.389727 0.0
1.170771 0.0
