gene1
-4.958371 0.0
-3.755001 0.0
gene2
-0.644653 0.0
-0.644653 0.0
gene3
-7.074840 0.0
-5.872237 0.0
gene4
3.984573 0.0
4.612456 0.0
gene5
-3.692744 0.0
-0.951265 0.0
gene6
1.048320 0.0
-1.426805 0.0
gene7
-6.255561 0.0
-7.567847 0.0
gene8
-11.531084 0.0
-8.559881 0.0
gene9
0.303891 0.0
-2.348110 0.0
gene10
5.119984 0.0
6.035096 0.0
gene11
0.695177 0.0
-3.666727 0.0
gene12
-7.189252 0.0
-1.747464 0.0
gene13
-3.154298 0.0
-8.755758 0.0
gene14
7.895240 0.0
-0.702325 0.0
gene15
4.226884 0.0
5.023296 0.0
gene16
0.264731 0.0
4.710212 0.0
gene17
-4.837588 0.0
1.431466 0.0
gene18
-1.982906 0.0
-5.242757 0.0
gene19
15.579185 0.0
9.749864 0.0
gene20
-7.108091 0.0
-5.983142 0.0
gene21
-14.962725 0.0
-5.782150 0.0
gene22
-8.251063 0.0
-8.251063 0.0
gene23
-7.542886 0.0
-1.893144 0.0
gene24
-8.440751 0.0
-7.103094 0.0
gene25
-4.673054 0.0
-6.919975 0.0
gene26
-3.820868 0.0
3.615795 0.0
gene27
-8.504445 0.0
-0.298632 0.0
gene28
-10.886504 0.0
-6.362243 0.0
gene29
2.652512 0.0
2.652512 0.0
gene30
-7.965685 0.0
-7.965685 0.0
gene31
1.121610 0.0
3.951309 0.0
gene32
5.836735 0.0
-1.524552 0.0
gene33
8.596742 0.0
5.136375 0.0
gene34
0.492109 0.0
-4.395351 0.0
gene35
10.820956 0.0
7.583119 0.0
gene36
-4.300229 0.0
-2.216768 0.0
gene37
-7.598323 0.0
-8.109836 0.0
gene38
-0.300540 0.0
4.856825 0.0
gene39
-4.417181 0.0
-1.250047 0.0
gene40
16.916397 0.0
9.391712 0.0
gene41
3.452885 0.0
5.371640 0.0
gene42
6.016940 0.0
7.200195 0.0
gene43
6.104734 0.0
-6.372916 0.0
gene44
-0.699284 0.0
-1.569009 0.0
gene45
1.248253 0.0
5.396314 0.0
gene46
2.811199 0.0
2.855513 0.0
gene47
1.727356 0.0
-0.049821 0.0
gene48
4.413286 0.0
2.447126 0.0
gene49
-3.283108 0.0
-3.283108 0.0
gene50
-1.643226 0.0
-1.643226 0.0
gene51
-1.873158 0.0
7.410891 0.0
gene52
-0.732454 0.0
4.655886 0.0
gene53
1.372398 0.0
9.274580 0.0
gene54
-5.169349 0.0
-19.738979 0.0
gene55
-5.926534 0.0
-14.115921 0.0
gene56
10.985539 0.0
-10.432767 0.0
gene57
6.265273 0.0
-23.922478 0.0
gene58
1.291469 0.0
5.921140 0.0
gene59
6.664993 0.0
-0.856472 0.0
gene60
7.715704 0.0
6.299202 0.0
gene61
-2.575127 0.0
-13.761172 0.0
gene62
-7.664760 0.0
-13.173559 0.0
gene63
-8.007018 0.0
-28.973584 0.0
gene64
7.862162 0.0
2.090518 0.0
gene65
9.637557 0.0
18.139989 0.0
gene66
2.325367 0.0
9.760957 0.0
gene67
-2.894881 0.0
-0.524778 0.0
gene68
12.079304 0.0
-15.693974 0.0
gene69
-11.762515 0.0
-6.712532 0.0
gene70
-3.237756 0.0
3.052630 0.0
gene71
8.512946 0.0
16.059802 0.0
gene72
3.095608 0.0
13.176231 0.0
gene73
4.221850 0.0
3.549521 0.0
gene74
-10.593647 0.0
-5.214403 0.0
gene75
7.465137 0.0
9.307266 0.0
gene76
-5.427414 0.0
-18.063730 0.0
gene77
9.131480 0.0
3.923163 0.0
gene78
4.383492 0.0
4.383492 0.0
gene79
6.539783 0.0
6.782964 0.0
gene80
5.277503 0.0
5.714070 0.0
gene81
0.376004 0.0
0.376004 0.0
gene82
7.604065 0.0
7.604065 0.0
gene83
-2.138885 0.0
-2.148872 0.0
gene84
-8.538277 0.0
-9.797040 0.0
gene85
-13.249282 0.0
-4.707965 0.0
gene86
-5.037365 0.0
-6.434069 0.0
gene87
-0.908310 0.0
0.782704 0.0
gene88
3.766957 0.0
5.467771 0.0
gene89
-12.240067 0.0
-4.513194 0.0
gene90
5.883929 0.0
5.546701 0.0
gene91
4.601535 0.0
6.773143 0.0
gene92
5.015157 0.0
3.454970 0.0
gene93
8.217501 0.0
6.047917 0.0
gene94
9.851873 0.0
7.467212 0.0
gene95
6.790292 0.0
-2.403213 0.0
gene96
-5.754739 0.0
-7.336118 0.0
gene97
-3.799229 0.0
-1.263673 0.0
gene98
3.776672 0.0
5.972115 0.0
gene99
17.414904 0.0
3.515407 0.0
gene100
-4.337960 0.0
-3.409099 0.0
