FBgn0035367
-122.037010	0.0
1.252946	0.0
FBgn0027561
3.003433	0.0
3.509026	0.0
FBgn0027564
-122.037010	0.0
3.370931	0.0
FBgn0027565
1.823930	0.0
4.069773	0.0
FBgn0027569
3.023211	0.0
4.812859	0.0
FBgn0010434
0.709985	0.0
-0.125006	0.0
FBgn0085212
2.410910	0.0
3.517898	0.0
FBgn0010433
0.083615	0.0
1.049016	0.0
FBgn0036115
-0.066915	0.0
0.785626	0.0
FBgn0033431
0.778040	0.0
3.605193	0.0
FBgn0033432
1.354858	0.0
3.137527	0.0
FBgn0036118
3.231207	0.0
-122.037010	0.0
FBgn0015553
2.163510	0.0
0.939331	0.0
FBgn0040751
2.457090	0.0
4.332790	0.0
FBgn0038693
-0.891718	0.0
-1.598335	0.0
FBgn0040754
3.713787	0.0
5.414232	0.0
FBgn0038247
-0.062792	0.0
-122.037010	0.0
FBgn0033570
4.796220	0.0
5.086824	0.0
FBgn0038244
2.540641	0.0
3.559750	0.0
FBgn0038242
1.553255	0.0
-122.037010	0.0
FBgn0037610
2.811563	0.0
4.448398	0.0
FBgn0036372
4.679804	0.0
5.068030	0.0
FBgn0036374
3.765718	0.0
3.425672	0.0
FBgn0036376
4.852905	0.0
5.244753	0.0
FBgn0051908
4.357885	0.0
5.191511	0.0
FBgn0005616
3.661444	0.0
3.236063	0.0
FBgn0005617
3.846498	0.0
4.406616	0.0
FBgn0005612
2.407909	0.0
2.005465	0.0
FBgn0035879
2.251635	0.0
2.779887	0.0
FBgn0035878
5.285566	0.0
5.357482	0.0
FBgn0035877
3.228779	0.0
3.844014	0.0
FBgn0035876
3.641054	0.0
3.050197	0.0
FBgn0035872
5.494842	0.0
5.724043	0.0
FBgn0035871
4.851014	0.0
4.822658	0.0
FBgn0028646
1.869325	0.0
0.994865	0.0
FBgn0028647
1.219035	0.0
2.592258	0.0
FBgn0039358
4.234062	0.0
2.931252	0.0
FBgn0032476
4.074368	0.0
3.917953	0.0
FBgn0039357
2.045798	0.0
1.707287	0.0
FBgn0039354
0.658400	0.0
-122.037010	0.0
FBgn0039355
3.434400	0.0
-122.037010	0.0
FBgn0086898
2.734764	0.0
1.491276	0.0
FBgn0086897
6.817469	0.0
5.937702	0.0
FBgn0086896
2.266995	0.0
0.340550	0.0
FBgn0086895
4.586198	0.0
2.334239	0.0
FBgn0003048
-122.037010	0.0
3.648055	0.0
FBgn0003511
4.899145	0.0
3.720543	0.0
FBgn0003510
6.700778	0.0
6.317868	0.0
FBgn0003512
5.463616	0.0
4.681372	0.0
FBgn0003042
3.147182	0.0
2.984393	0.0
FBgn0003041
4.370723	0.0
4.163589	0.0
FBgn0042199
4.375539	0.0
6.065957	0.0
FBgn0053464
4.707961	0.0
3.755198	0.0
FBgn0053468
-122.037010	0.0
1.350825	0.0
FBgn0035296
2.094319	0.0
4.056869	0.0
FBgn0035295
1.385096	0.0
2.091113	0.0
FBgn0035294
4.333188	0.0
4.691183	0.0
FBgn0035203
0.809124	0.0
4.630292	0.0
FBgn0052599
-122.037010	0.0
2.005051	0.0
FBgn0052594
-122.037010	0.0
3.133893	0.0
FBgn0035206
3.204809	0.0
3.465476	0.0
FBgn0035207
3.489980	0.0
3.706744	0.0
FBgn0035121
6.083558	0.0
4.674136	0.0
FBgn0038400
4.195748	0.0
3.908609	0.0
FBgn0031972
3.136433	0.0
0.279108	0.0
FBgn0034453
4.709737	0.0
4.051293	0.0
FBgn0031975
-122.037010	0.0
0.737662	0.0
FBgn0034184
3.664415	0.0
4.160547	0.0
FBgn0034186
2.312743	0.0
3.729285	0.0
FBgn0034187
-2.198658	0.0
2.459785	0.0
FBgn0034180
3.675158	0.0
3.420412	0.0
FBgn0034181
5.606214	0.0
5.833599	0.0
FBgn0038740
-0.970063	0.0
-1.069209	0.0
FBgn0038741
2.216098	0.0
3.946256	0.0
FBgn0038744
0.015824	0.0
2.179669	0.0
FBgn0038745
4.586379	0.0
1.540799	0.0
FBgn0030519
-122.037010	0.0
3.986715	0.0
FBgn0030518
-122.037010	0.0
3.547515	0.0
FBgn0030514
-122.037010	0.0
3.624125	0.0
FBgn0036117
3.448482	0.0
2.845188	0.0
FBgn0036964
3.332240	0.0
4.489909	0.0
FBgn0036967
4.614487	0.0
3.260732	0.0
FBgn0031608
2.401108	0.0
4.510934	0.0
FBgn0031609
3.191052	0.0
1.637343	0.0
FBgn0034988
3.868802	0.0
4.360966	0.0
FBgn0034989
2.062513	0.0
3.149783	0.0
FBgn0034238
0.091174	0.0
-122.037010	0.0
FBgn0040108
3.220239	0.0
4.805937	0.0
FBgn0031601
3.934002	0.0
4.807784	0.0
FBgn0034986
4.174580	0.0
5.063847	0.0
FBgn0031603
3.277797	0.0
3.752704	0.0
FBgn0034232
4.334331	0.0
4.807041	0.0
FBgn0031606
4.002216	0.0
4.175467	0.0
FBgn0034231
1.237580	0.0
3.026034	0.0
FBgn0051739
4.561284	0.0
5.041093	0.0
FBgn0051224
2.871364	0.0
3.192639	0.0
FBgn0043900
4.981591	0.0
5.039041	0.0
FBgn0051223
3.521638	0.0
4.422577	0.0
FBgn0026577
3.730033	0.0
3.447849	0.0
FBgn0026575
-122.037010	0.0
4.145877	0.0
FBgn0051229
3.380209	0.0
4.242911	0.0
FBgn0026570
3.005816	0.0
3.905651	0.0
FBgn0037186
3.074409	0.0
1.723550	0.0
FBgn0039433
-0.373021	0.0
-0.386732	0.0
FBgn0039431
0.547780	0.0
-122.037010	0.0
FBgn0032117
2.612112	0.0
1.483564	0.0
FBgn0032116
-0.213147	0.0
2.240340	0.0
FBgn0032119
0.575315	0.0
-122.037010	0.0
FBgn0032805
0.745744	0.0
2.958695	0.0
FBgn0032803
-122.037010	0.0
0.587470	0.0
FBgn0032800
-0.411887	0.0
1.732629	0.0
FBgn0020503
2.065768	0.0
2.006718	0.0
FBgn0024558
5.098420	0.0
6.208978	0.0
FBgn0053678
0.423953	0.0
3.602469	0.0
FBgn0024556
4.549594	0.0
3.074617	0.0
FBgn0035462
2.369627	0.0
1.876669	0.0
FBgn0035464
5.003644	0.0
5.074592	0.0
FBgn0035469
4.126923	0.0
4.564855	0.0
FBgn0020647
2.291815	0.0
1.038346	0.0
FBgn0033607
4.259663	0.0
3.759990	0.0
FBgn0033605
3.163955	0.0
2.805135	0.0
FBgn0033608
4.851202	0.0
5.462377	0.0
FBgn0033609
2.342652	0.0
2.763996	0.0
FBgn0028411
5.350668	0.0
4.696408	0.0
FBgn0031713
1.880498	0.0
3.871416	0.0
FBgn0024889
4.339111	0.0
3.753074	0.0
FBgn0035600
5.922398	0.0
5.808356	0.0
FBgn0035601
6.052369	0.0
5.711231	0.0
FBgn0035602
2.727833	0.0
2.786960	0.0
FBgn0035603
4.249729	0.0
5.459607	0.0
FBgn0003721
5.709367	0.0
3.866766	0.0
FBgn0052100
3.182535	0.0
2.271154	0.0
FBgn0052103
2.866739	0.0
3.933442	0.0
FBgn0052104
2.835910	0.0
3.259353	0.0
FBgn0052108
2.189587	0.0
2.667187	0.0
FBgn0025683
1.047319	0.0
3.133523	0.0
FBgn0025682
3.480246	0.0
5.041591	0.0
FBgn0025684
2.183575	0.0
4.108157	0.0
FBgn0025687
0.431516	0.0
-122.037010	0.0
FBgn0034569
2.106205	0.0
2.044251	0.0
FBgn0010173
3.169929	0.0
2.446148	0.0
FBgn0030608
-122.037010	0.0
4.146510	0.0
FBgn0003187
2.047763	0.0
2.167985	0.0
FBgn0003189
-122.037010	0.0
0.512309	0.0
FBgn0037978
3.599518	0.0
4.293062	0.0
FBgn0037979
3.004647	0.0
3.886830	0.0
FBgn0037971
2.201282	0.0
4.600184	0.0
FBgn0037972
0.981179	0.0
2.612310	0.0
FBgn0037973
3.374200	0.0
2.350537	0.0
FBgn0037975
2.424245	0.0
0.726364	0.0
FBgn0000579
5.403983	0.0
5.384380	0.0
FBgn0000576
2.762204	0.0
3.143273	0.0
FBgn0000577
1.827197	0.0
0.849236	0.0
FBgn0000575
4.952144	0.0
5.857827	0.0
FBgn0039600
4.456587	0.0
4.543164	0.0
FBgn0039601
4.359513	0.0
4.292187	0.0
FBgn0039602
3.338502	0.0
3.939471	0.0
FBgn0011327
5.227160	0.0
3.604908	0.0
FBgn0011638
2.956238	0.0
4.234538	0.0
FBgn0052412
2.104741	0.0
3.235395	0.0
FBgn0029905
-122.037010	0.0
4.082479	0.0
FBgn0051038
0.366676	0.0
-122.037010	0.0
FBgn0050342
4.438842	0.0
5.093953	0.0
FBgn0050344
3.324471	0.0
4.132173	0.0
FBgn0050349
3.844838	0.0
4.680500	0.0
FBgn0027504
4.265920	0.0
3.652586	0.0
FBgn0027505
3.110243	0.0
1.386594	0.0
FBgn0027506
4.322115	0.0
4.211077	0.0
FBgn0027507
4.251508	0.0
4.338083	0.0
FBgn0027500
3.244419	0.0
3.461703	0.0
FBgn0027508
3.477735	0.0
3.301104	0.0
FBgn0027509
2.382652	0.0
2.197609	0.0
FBgn0037518
1.298364	0.0
1.042017	0.0
FBgn0030239
-122.037010	0.0
1.510017	0.0
FBgn0037515
2.788111	0.0
-122.037010	0.0
FBgn0035028
3.967711	0.0
4.685533	0.0
FBgn0033454
-2.921867	0.0
1.428259	0.0
FBgn0033452
4.182819	0.0
4.935603	0.0
FBgn0038269
4.254658	0.0
4.601832	0.0
FBgn0038268
2.293302	0.0
0.889988	0.0
FBgn0038262
-1.177935	0.0
-122.037010	0.0
FBgn0036391
-122.037010	0.0
0.206217	0.0
FBgn0035023
0.620867	0.0
-122.037010	0.0
FBgn0036397
1.615394	0.0
3.052495	0.0
FBgn0036396
3.145513	0.0
4.355078	0.0
FBgn0038544
-122.037010	0.0
-1.155252	0.0
FBgn0036398
3.726958	0.0
4.354172	0.0
FBgn0038545
4.002489	0.0
3.450600	0.0
FBgn0029506
4.510492	0.0
3.207815	0.0
FBgn0023508
-122.037010	0.0
1.478967	0.0
FBgn0035851
3.864588	0.0
4.032450	0.0
FBgn0035850
4.907923	0.0
4.437921	0.0
FBgn0035852
0.536078	0.0
-122.037010	0.0
FBgn0035854
3.032498	0.0
3.624456	0.0
FBgn0033610
0.449125	0.0
-122.037010	0.0
FBgn0032490
2.563918	0.0
3.376013	0.0
FBgn0032491
3.460114	0.0
5.207960	0.0
FBgn0032493
3.616454	0.0
4.289721	0.0
FBgn0001247
1.830919	0.0
4.262181	0.0
FBgn0053196
-3.340112	0.0
-1.936415	0.0
FBgn0053193
2.481668	0.0
4.086317	0.0
FBgn0053198
3.768390	0.0
4.936436	0.0
FBgn0052829
1.799746	0.0
4.584924	0.0
FBgn0005639
-122.037010	0.0
1.301771	0.0
FBgn0005632
4.029982	0.0
3.845116	0.0
FBgn0052820
-122.037010	0.0
0.908996	0.0
FBgn0259927
-122.037010	0.0
4.232238	0.0
FBgn0003067
4.829161	0.0
5.330528	0.0
FBgn0053330
-122.037010	0.0
2.252325	0.0
FBgn0083969
2.604118	0.0
2.898323	0.0
FBgn0040777
3.449521	0.0
5.332376	0.0
FBgn0032845
2.603327	0.0
3.029757	0.0
FBgn0028336
-122.037010	0.0
5.751775	0.0
FBgn0022073
2.781740	0.0
3.091992	0.0
FBgn0022070
4.359275	0.0
4.628613	0.0
FBgn0028862
-0.467643	0.0
3.220518	0.0
FBgn0038467
2.851423	0.0
4.355548	0.0
FBgn0038464
4.472892	0.0
4.692824	0.0
FBgn0038463
2.757107	0.0
0.273175	0.0
FBgn0035142
3.968118	0.0
3.790305	0.0
FBgn0035141
4.687874	0.0
4.734926	0.0
FBgn0035140
2.437212	0.0
1.543431	0.0
FBgn0067779
3.333018	0.0
4.039450	0.0
FBgn0034438
-122.037010	0.0
-0.595636	0.0
FBgn0034436
1.530674	0.0
2.973982	0.0
FBgn0034430
4.780543	0.0
5.211855	0.0
FBgn0031912
3.276767	0.0
4.724667	0.0
FBgn0038725
-122.037010	0.0
0.804644	0.0
FBgn0017581
5.617709	0.0
5.860307	0.0
FBgn0038721
2.223525	0.0
3.175693	0.0
FBgn0038722
4.718034	0.0
4.953338	0.0
FBgn0038723
2.366179	0.0
4.874816	0.0
FBgn0030530
-122.037010	0.0
2.879962	0.0
FBgn0030532
-122.037010	0.0
1.156044	0.0
FBgn0019637
5.240100	0.0
4.902582	0.0
FBgn0019982
2.374124	0.0
2.746745	0.0
FBgn0010808
5.263131	0.0
4.473565	0.0
FBgn0036702
4.054647	0.0
2.715092	0.0
FBgn0010750
5.193162	0.0
4.769319	0.0
FBgn0039356
2.741659	0.0
3.369456	0.0
FBgn0032477
2.624466	0.0
1.402389	0.0
FBgn0038099
0.945003	0.0
2.837258	0.0
FBgn0032475
5.011648	0.0
5.046176	0.0
FBgn0031452
4.661711	0.0
4.503623	0.0
FBgn0040385
-122.037010	0.0
0.849971	0.0
FBgn0040384
-122.037010	0.0
5.282721	0.0
FBgn0040387
-122.037010	0.0
-0.493164	0.0
FBgn0031456
4.078615	0.0
4.140441	0.0
FBgn0051202
-122.037010	0.0
2.867876	0.0
FBgn0051201
-0.144327	0.0
-122.037010	0.0
FBgn0026593
2.358237	0.0
2.715330	0.0
FBgn0034138
8.045120	0.0
8.328084	0.0
FBgn0026598
4.583830	0.0
4.844998	0.0
FBgn0030396
-122.037010	0.0
1.584169	0.0
FBgn0025865
4.726485	0.0
4.850670	0.0
FBgn0025864
-122.037010	0.0
4.436224	0.0
FBgn0025866
3.515255	0.0
3.788958	0.0
FBgn0016983
5.467313	0.0
5.858838	0.0
FBgn0033842
3.856783	0.0
3.510518	0.0
FBgn0033845
4.445134	0.0
4.822915	0.0
FBgn0039417
1.280631	0.0
2.679466	0.0
FBgn0039411
-0.666903	0.0
-122.037010	0.0
FBgn0037707
5.956575	0.0
5.604039	0.0
FBgn0037703
2.771482	0.0
3.302058	0.0
FBgn0037701
6.045439	0.0
5.605030	0.0
FBgn0037700
4.875625	0.0
5.312767	0.0
FBgn0037709
2.595680	0.0
2.713959	0.0
FBgn0037708
1.572788	0.0
0.011563	0.0
FBgn0037446
4.636611	0.0
4.703104	0.0
FBgn0030327
-122.037010	0.0
3.390652	0.0
FBgn0034646
4.834972	0.0
4.704943	0.0
FBgn0034645
6.340721	0.0
5.405228	0.0
FBgn0004510
1.047473	0.0
1.967083	0.0
FBgn0034643
3.376420	0.0
2.143707	0.0
FBgn0034642
0.287192	0.0
-122.037010	0.0
FBgn0050157
1.353459	0.0
1.210535	0.0
FBgn0003890
-122.037010	0.0
1.876018	0.0
FBgn0003891
1.844695	0.0
3.975278	0.0
FBgn0003892
4.439400	0.0
4.520716	0.0
FBgn0003896
2.100977	0.0
0.207981	0.0
FBgn0011230
2.225571	0.0
2.084455	0.0
FBgn0035449
1.752689	0.0
1.740126	0.0
FBgn0035443
1.363811	0.0
2.822111	0.0
FBgn0035444
3.461185	0.0
3.202051	0.0
FBgn0035445
-122.037010	0.0
-0.103448	0.0
FBgn0020626
3.396965	0.0
4.602459	0.0
FBgn0020621
3.614390	0.0
3.491446	0.0
FBgn0020622
1.337012	0.0
2.073107	0.0
FBgn0020623
0.372094	0.0
-122.037010	0.0
FBgn0033664
2.220992	0.0
2.348399	0.0
FBgn0033661
0.744572	0.0
1.954466	0.0
FBgn0033662
0.904655	0.0
1.762065	0.0
FBgn0028436
3.233165	0.0
2.863657	0.0
FBgn0033668
-1.570693	0.0
1.847196	0.0
FBgn0033669
4.175204	0.0
3.901239	0.0
FBgn0001125
2.261850	0.0
2.750509	0.0
FBgn0032397
2.996312	0.0
1.542180	0.0
FBgn0032820
2.707884	0.0
3.747052	0.0
FBgn0032395
1.746157	0.0
1.860811	0.0
FBgn0032822
3.094242	0.0
2.149666	0.0
FBgn0032391
-122.037010	0.0
0.453353	0.0
FBgn0003044
3.687361	0.0
3.087573	0.0
FBgn0035627
2.371906	0.0
2.872100	0.0
FBgn0035624
4.087899	0.0
3.918585	0.0
FBgn0035622
4.341734	0.0
4.651920	0.0
FBgn0035620
-0.027523	0.0
0.017545	0.0
FBgn0035621
-122.037010	0.0
0.705930	0.0
FBgn0013720
-122.037010	0.0
2.387027	0.0
FBgn0013726
5.687135	0.0
5.196323	0.0
FBgn0013725
4.061746	0.0
4.515254	0.0
FBgn0002022
4.657639	0.0
2.385105	0.0
FBgn0028292
-122.037010	0.0
4.191982	0.0
FBgn0039259
4.597743	0.0
4.924823	0.0
FBgn0001308
4.023443	0.0
4.914858	0.0
FBgn0039252
4.562297	0.0
2.424909	0.0
FBgn0039251
4.420560	0.0
4.531582	0.0
FBgn0039250
3.771245	0.0
4.795328	0.0
FBgn0039254
1.418379	0.0
1.110379	0.0
FBgn0037955
1.787279	0.0
1.609160	0.0
FBgn0037958
4.345518	0.0
2.802257	0.0
FBgn0003308
2.735659	0.0
2.063801	0.0
FBgn0039628
-122.037010	0.0
0.980962	0.0
FBgn0003300
-122.037010	0.0
3.539042	0.0
FBgn0039623
3.152531	0.0
3.717421	0.0
FBgn0039626
4.087275	0.0
3.971994	0.0
FBgn0039627
3.039108	0.0
2.137036	0.0
FBgn0039625
3.455559	0.0
4.226746	0.0
FBgn0010053
2.980923	0.0
-122.037010	0.0
FBgn0029969
-122.037010	0.0
2.568780	0.0
FBgn0027528
-122.037010	0.0
3.999336	0.0
FBgn0027525
5.210305	0.0
4.967540	0.0
FBgn0034379
0.586708	0.0
2.949589	0.0
FBgn0034378
1.239159	0.0
3.279082	0.0
FBgn0034376
1.600954	0.0
2.830775	0.0
FBgn0030251
-122.037010	0.0
3.125716	0.0
FBgn0030252
-122.037010	0.0
2.135573	0.0
FBgn0033471
3.532962	0.0
3.805764	0.0
FBgn0036150
1.674023	0.0
0.024468	0.0
FBgn0033474
2.043713	0.0
4.462412	0.0
FBgn0033476
3.691184	0.0
5.307664	0.0
FBgn0033479
0.180086	0.0
1.758017	0.0
FBgn0033478
3.688542	0.0
-0.096052	0.0
FBgn0036629
2.397795	0.0
1.345303	0.0
FBgn0036628
-122.037010	0.0
2.693025	0.0
FBgn0015040
-122.037010	0.0
4.037951	0.0
FBgn0015513
2.898119	0.0
2.968639	0.0
FBgn0038286
3.448291	0.0
2.827864	0.0
FBgn0026433
-122.037010	0.0
2.717208	0.0
FBgn0026432
1.900999	0.0
2.200417	0.0
FBgn0013263
5.164546	0.0
4.583552	0.0
FBgn0013269
6.859964	0.0
6.438372	0.0
FBgn0051414
-122.037010	0.0
2.322750	0.0
FBgn0030870
-122.037010	0.0
5.016929	0.0
FBgn0030871
-122.037010	0.0
4.169347	0.0
FBgn0030872
-122.037010	0.0
3.238039	0.0
FBgn0030873
-122.037010	0.0
2.159616	0.0
FBgn0030874
-122.037010	0.0
4.255318	0.0
FBgn0030876
-122.037010	0.0
1.756759	0.0
FBgn0030877
-122.037010	0.0
4.044251	0.0
FBgn0032700
3.033105	0.0
1.880902	0.0
FBgn0032701
3.873594	0.0
2.240812	0.0
FBgn0023528
-122.037010	0.0
5.863432	0.0
FBgn0023529
-122.037010	0.0
3.355216	0.0
FBgn0032704
3.636815	0.0
4.047719	0.0
FBgn0032705
2.451290	0.0
2.407008	0.0
FBgn0023520
-122.037010	0.0
3.640340	0.0
FBgn0023521
-122.037010	0.0
4.498638	0.0
FBgn0023526
-122.037010	0.0
2.909744	0.0
FBgn0023527
-122.037010	0.0
5.111614	0.0
FBgn0035551
0.710363	0.0
-122.037010	0.0
FBgn0035557
-122.037010	0.0
0.368310	0.0
FBgn0035120
4.232150	0.0
3.418077	0.0
FBgn0001269
-0.439166	0.0
-122.037010	0.0
FBgn0035122
3.651113	0.0
5.005382	0.0
FBgn0052803
-122.037010	0.0
3.592002	0.0
FBgn0024273
2.395748	0.0
2.994582	0.0
FBgn0024277
4.136431	0.0
3.005608	0.0
FBgn0029006
4.742564	0.0
4.947262	0.0
FBgn0038918
-122.037010	0.0
2.552160	0.0
FBgn0038912
0.714674	0.0
-122.037010	0.0
FBgn0035162
5.665724	0.0
5.003423	0.0
FBgn0038916
-122.037010	0.0
2.820944	0.0
FBgn0020381
-122.037010	0.0
1.959400	0.0
FBgn0033159
2.348762	0.0
0.471690	0.0
FBgn0020386
4.617919	0.0
5.120595	0.0
FBgn0020389
2.191592	0.0
2.708817	0.0
FBgn0020388
4.619487	0.0
5.183473	0.0
FBgn0034452
0.511739	0.0
2.037607	0.0
FBgn0087013
4.998414	0.0
5.514432	0.0
FBgn0031392
2.866318	0.0
4.622538	0.0
FBgn0031393
5.719157	0.0
6.927587	0.0
FBgn0031934
-122.037010	0.0
-0.198285	0.0
FBgn0034410
3.896168	0.0
3.814265	0.0
FBgn0031428
1.412927	0.0
1.484981	0.0
FBgn0031398
4.332314	0.0
4.482832	0.0
FBgn0031399
3.721852	0.0
3.023352	0.0
FBgn0038704
3.850379	0.0
3.664456	0.0
FBgn0028978
5.517023	0.0
4.756560	0.0
FBgn0019960
3.973521	0.0
4.262304	0.0
FBgn0052372
3.082369	0.0
3.034799	0.0
FBgn0028970
3.138195	0.0
3.889360	0.0
FBgn0019968
3.357507	0.0
2.596187	0.0
FBgn0010774
5.768121	0.0
5.855350	0.0
FBgn0031646
-122.037010	0.0
1.428508	0.0
FBgn0010770
4.490880	0.0
4.537012	0.0
FBgn0010772
4.309778	0.0
3.923157	0.0
FBgn0002873
-122.037010	0.0
3.627661	0.0
FBgn0002872
3.624504	0.0
3.414923	0.0
FBgn0002878
-122.037010	0.0
1.701187	0.0
FBgn0023090
-122.037010	0.0
-0.222799	0.0
FBgn0023097
3.117459	0.0
2.921213	0.0
FBgn0023094
1.873902	0.0
3.746068	0.0
FBgn0037144
2.404465	0.0
0.600873	0.0
FBgn0000658
2.172439	0.0
0.588942	0.0
FBgn0037141
1.240181	0.0
1.505836	0.0
FBgn0037491
3.830027	0.0
4.288545	0.0
FBgn0037490
3.219020	0.0
1.851915	0.0
FBgn0025807
1.801801	0.0
1.764047	0.0
FBgn0025806
4.356297	0.0
4.739386	0.0
FBgn0037149
6.166707	0.0
5.594113	0.0
FBgn0025802
1.588911	0.0
2.763876	0.0
FBgn0011286
-0.757519	0.0
-122.037010	0.0
FBgn0011284
8.318898	0.0
8.514636	0.0
FBgn0011285
-122.037010	0.0
3.575946	0.0
FBgn0037728
4.631413	0.0
5.711757	0.0
FBgn0030114
-122.037010	0.0
3.345241	0.0
FBgn0034054
1.878003	0.0
3.914049	0.0
FBgn0010488
4.403306	0.0
5.226166	0.0
FBgn0036422
0.912752	0.0
-122.037010	0.0
FBgn0004901
1.706966	0.0
2.234269	0.0
FBgn0033391
2.223742	0.0
3.492728	0.0
FBgn0033393
4.614358	0.0
5.853291	0.0
FBgn0038197
2.006517	0.0
2.457433	0.0
FBgn0024510
3.454665	0.0
3.488445	0.0
FBgn0035424
2.510794	0.0
2.221168	0.0
FBgn0035420
3.462302	0.0
3.957124	0.0
FBgn0035423
4.885163	0.0
5.766929	0.0
FBgn0033648
-122.037010	0.0
-0.182190	0.0
FBgn0036450
3.486506	0.0
2.328116	0.0
FBgn0040507
-0.561701	0.0
3.031871	0.0
FBgn0034237
6.104378	0.0
6.315749	0.0
FBgn0250754
3.208114	0.0
3.908431	0.0
FBgn0035397
5.360682	0.0
4.410840	0.0
FBgn0034987
3.936337	0.0
4.188539	0.0
FBgn0035392
1.452538	0.0
1.679337	0.0
FBgn0035393
4.128553	0.0
4.177634	0.0
FBgn0031604
2.788745	0.0
3.732645	0.0
FBgn0005771
3.853234	0.0
3.701541	0.0
FBgn0005777
4.411490	0.0
4.982613	0.0
FBgn0005776
5.884970	0.0
5.831413	0.0
FBgn0005775
2.341758	0.0
-122.037010	0.0
FBgn0034230
1.265245	0.0
2.939934	0.0
FBgn0250786
3.685142	0.0
3.105120	0.0
FBgn0032518
7.779601	0.0
-122.037010	0.0
FBgn0032514
4.762012	0.0
3.880330	0.0
FBgn0032517
2.581829	0.0
2.393403	0.0
FBgn0032511
5.434036	0.0
5.419185	0.0
FBgn0032513
2.388478	0.0
3.290914	0.0
FBgn0032512
1.981474	0.0
2.955603	0.0
FBgn0037934
-122.037010	0.0
2.101585	0.0
FBgn0037933
3.497580	0.0
4.228034	0.0
FBgn0000826
-122.037010	0.0
2.444779	0.0
FBgn0016081
2.909319	0.0
3.606234	0.0
FBgn0003321
-122.037010	0.0
3.878284	0.0
FBgn0039644
4.654912	0.0
4.287636	0.0
FBgn0003328
1.420121	0.0
-0.357547	0.0
FBgn0039641
2.165039	0.0
-122.037010	0.0
FBgn0039642
1.989974	0.0
4.611232	0.0
FBgn0031091
-122.037010	0.0
2.245114	0.0
FBgn0031093
-122.037010	0.0
4.170705	0.0
FBgn0031092
-122.037010	0.0
2.284118	0.0
FBgn0031094
-122.037010	0.0
4.974040	0.0
FBgn0031097
-122.037010	0.0
3.319669	0.0
FBgn0031099
-122.037010	0.0
1.618885	0.0
FBgn0031098
-122.037010	0.0
3.263306	0.0
FBgn0011361
4.557272	0.0
5.329637	0.0
FBgn0029944
-122.037010	0.0
4.282800	0.0
FBgn0029942
-122.037010	0.0
3.596304	0.0
FBgn0031894
-122.037010	0.0
1.756535	0.0
FBgn0029941
-122.037010	0.0
5.538680	0.0
FBgn0036125
-122.037010	0.0
-0.087281	0.0
FBgn0027094
2.868898	0.0
3.983242	0.0
FBgn0027090
3.561713	0.0
4.292729	0.0
FBgn0027091
2.103140	0.0
4.357047	0.0
FBgn0034603
4.283265	0.0
5.118084	0.0
FBgn0034600
1.240965	0.0
4.322672	0.0
FBgn0040089
-122.037010	0.0
-0.005263	0.0
FBgn0034354
3.775919	0.0
5.902338	0.0
FBgn0034356
0.954511	0.0
2.459119	0.0
FBgn0015282
5.259259	0.0
5.104478	0.0
FBgn0040080
4.916559	0.0
4.788649	0.0
FBgn0038110
3.385986	0.0
2.053984	0.0
FBgn0038115
0.216908	0.0
1.852886	0.0
FBgn0038114
-122.037010	0.0
1.578987	0.0
FBgn0038118
3.235446	0.0
3.700823	0.0
FBgn0030276
-122.037010	0.0
4.102926	0.0
FBgn0037554
3.606429	0.0
4.332068	0.0
FBgn0037555
4.679971	0.0
5.575714	0.0
FBgn0037550
3.730573	0.0
3.657345	0.0
FBgn0037551
4.806240	0.0
5.387330	0.0
FBgn0040260
-122.037010	0.0
1.292055	0.0
FBgn0040268
1.576018	0.0
3.236358	0.0
FBgn0004925
-122.037010	0.0
5.310004	0.0
FBgn0026418
3.908641	0.0
4.329321	0.0
FBgn0004237
5.835690	0.0
5.925066	0.0
FBgn0023175
6.253744	0.0
5.940529	0.0
FBgn0023174
6.243036	0.0
6.412109	0.0
FBgn0023170
7.432389	0.0
7.526093	0.0
FBgn0023172
2.138571	0.0
2.308498	0.0
FBgn0033544
3.831130	0.0
4.770430	0.0
FBgn0043903
-122.037010	0.0
4.952604	0.0
FBgn0058160
3.767808	0.0
-122.037010	0.0
FBgn0021825
4.953994	0.0
4.716721	0.0
FBgn0026576
4.087411	0.0
5.545506	0.0
FBgn0051431
0.198211	0.0
-122.037010	0.0
FBgn0037182
4.803873	0.0
4.535478	0.0
FBgn0030858
-122.037010	0.0
3.096541	0.0
FBgn0026573
3.793316	0.0
4.150137	0.0
FBgn0032728
3.428660	0.0
3.315353	0.0
FBgn0032729
2.733452	0.0
3.027967	0.0
FBgn0032723
3.439953	0.0
3.995193	0.0
FBgn0032720
4.513144	0.0
2.341219	0.0
FBgn0023545
-122.037010	0.0
4.732094	0.0
FBgn0023546
-122.037010	0.0
0.281639	0.0
FBgn0023542
-122.037010	0.0
4.809082	0.0
FBgn0001206
-122.037010	0.0
3.910746	0.0
FBgn0001204
4.274247	0.0
4.197411	0.0
FBgn0001202
3.324622	0.0
4.032827	0.0
FBgn0053156
3.850097	0.0
3.890846	0.0
FBgn0053158
0.921418	0.0
3.500593	0.0
FBgn0086384
-122.037010	0.0
2.514004	0.0
FBgn0031951
4.210698	0.0
2.830810	0.0
FBgn0086695
3.121986	0.0
4.692989	0.0
FBgn0053489
-122.037010	0.0
1.061699	0.0
FBgn0042134
4.528869	0.0
5.015676	0.0
FBgn0042135
4.241186	0.0
1.884469	0.0
FBgn0042138
3.385356	0.0
4.769989	0.0
FBgn0035983
3.721785	0.0
2.951906	0.0
FBgn0035981
5.160239	0.0
5.237585	0.0
FBgn0035980
3.672534	0.0
1.131112	0.0
FBgn0024250
-122.037010	0.0
3.608978	0.0
FBgn0024252
2.589815	0.0
3.149496	0.0
FBgn0020018
3.497686	0.0
2.553398	0.0
FBgn0028372
2.776076	0.0
2.132287	0.0
FBgn0028373
5.446449	0.0
5.544826	0.0
FBgn0028371
3.405913	0.0
2.433350	0.0
FBgn0022702
1.078773	0.0
1.551065	0.0
FBgn0022708
4.370791	0.0
5.623053	0.0
FBgn0039226
0.785353	0.0
-122.037010	0.0
FBgn0035189
1.165903	0.0
-122.037010	0.0
FBgn0052685
-122.037010	0.0
4.476729	0.0
FBgn0031252
4.603400	0.0
4.004836	0.0
FBgn0087035
4.444964	0.0
-0.257756	0.0
FBgn0085220
3.377557	0.0
5.646743	0.0
FBgn0052428
3.548159	0.0
2.919326	0.0
FBgn0036986
0.412798	0.0
-122.037010	0.0
FBgn0036984
0.596846	0.0
-0.120318	0.0
FBgn0036985
-1.223023	0.0
-1.150776	0.0
FBgn0028952
2.454473	0.0
4.042458	0.0
FBgn0028954
5.202847	0.0
5.076398	0.0
FBgn0019949
4.341348	0.0
5.137814	0.0
FBgn0019948
2.365419	0.0
0.787088	0.0
FBgn0026620
3.033331	0.0
3.351279	0.0
FBgn0000499
-122.037010	0.0
4.897646	0.0
FBgn0000492
0.602883	0.0
0.370466	0.0
FBgn0000497
-0.647950	0.0
-0.516312	0.0
FBgn0039187
2.414556	0.0
2.426067	0.0
FBgn0039186
4.470490	0.0
4.593270	0.0
FBgn0039183
3.636515	0.0
4.328420	0.0
FBgn0039182
4.325467	0.0
4.557683	0.0
FBgn0034162
-122.037010	0.0
1.386427	0.0
FBgn0039189
2.216883	0.0
4.023323	0.0
FBgn0039188
3.792667	0.0
2.224835	0.0
FBgn0037121
3.956734	0.0
5.461282	0.0
FBgn0025820
3.315531	0.0
4.080612	0.0
FBgn0025825
4.306752	0.0
4.749721	0.0
FBgn0039459
3.486751	0.0
3.254374	0.0
FBgn0039451
3.344010	0.0
3.898751	0.0
FBgn0039450
3.695850	0.0
1.160328	0.0
FBgn0033802
4.013687	0.0
4.111362	0.0
FBgn0034299
4.052404	0.0
1.301662	0.0
FBgn0031663
4.445917	0.0
4.882711	0.0
FBgn0061361
1.414257	0.0
4.538926	0.0
FBgn0030137
-122.037010	0.0
3.658964	0.0
FBgn0014011
3.553546	0.0
2.707090	0.0
FBgn0038250
0.342234	0.0
2.664189	0.0
FBgn0050118
3.520739	0.0
2.961472	0.0
FBgn0027280
-122.037010	0.0
3.787011	0.0
FBgn0027287
-122.037010	0.0
0.559724	0.0
FBgn0250814
3.852288	0.0
4.814920	0.0
FBgn0036298
4.792827	0.0
2.828325	0.0
FBgn0036299
3.329569	0.0
4.222119	0.0
FBgn0036294
1.228043	0.0
3.423432	0.0
FBgn0036292
3.159453	0.0
2.681836	0.0
FBgn0036291
2.316922	0.0
3.661205	0.0
FBgn0038320
4.432452	0.0
4.415406	0.0
FBgn0038321
1.955524	0.0
0.970889	0.0
FBgn0038323
2.475058	0.0
2.752813	0.0
FBgn0038324
2.048465	0.0
3.648542	0.0
FBgn0038325
1.777953	0.0
3.737893	0.0
FBgn0038326
2.099672	0.0
0.860034	0.0
FBgn0038327
2.556685	0.0
4.536929	0.0
FBgn0035407
1.185175	0.0
1.395118	0.0
FBgn0035404
5.526846	0.0
5.638938	0.0
FBgn0035405
4.512915	0.0
3.645027	0.0
FBgn0035402
3.988727	0.0
4.935919	0.0
FBgn0035403
2.085921	0.0
2.481442	0.0
FBgn0035400
2.738825	0.0
4.113024	0.0
FBgn0035401
4.102828	0.0
4.409009	0.0
FBgn0002775
3.725419	0.0
4.821700	0.0
FBgn0035409
0.927314	0.0
-122.037010	0.0
FBgn0013548
3.952787	0.0
4.537795	0.0
FBgn0001079
-122.037010	0.0
4.793714	0.0
FBgn0004009
2.500731	0.0
1.447594	0.0
FBgn0001075
0.640232	0.0
2.118119	0.0
FBgn0004556
3.694509	0.0
4.721824	0.0
FBgn0004002
0.825057	0.0
0.392859	0.0
FBgn0002526
0.292408	0.0
0.206355	0.0
FBgn0002525
5.747771	0.0
5.789146	0.0
FBgn0002528
2.226288	0.0
1.509304	0.0
FBgn0013764
5.398891	0.0
5.214979	0.0
FBgn0013763
5.942361	0.0
5.579960	0.0
FBgn0035832
1.885365	0.0
1.165208	0.0
FBgn0025626
-122.037010	0.0
5.240911	0.0
FBgn0039215
4.061666	0.0
3.894751	0.0
FBgn0039214
2.592318	0.0
3.143342	0.0
FBgn0039210
3.840974	0.0
4.422377	0.0
FBgn0029706
-122.037010	0.0
1.780491	0.0
FBgn0039219
3.109918	0.0
3.671352	0.0
FBgn0086711
4.624953	0.0
2.888303	0.0
FBgn0086712
2.866085	0.0
3.979566	0.0
FBgn0034598
4.830224	0.0
3.719319	0.0
FBgn0003124
6.126697	0.0
6.145138	0.0
FBgn0046696
2.165724	0.0
1.887682	0.0
FBgn0062517
1.637679	0.0
-122.037010	0.0
FBgn0016061
-0.394282	0.0
-122.037010	0.0
FBgn0039664
1.490120	0.0
3.534763	0.0
FBgn0039663
0.543364	0.0
1.180564	0.0
FBgn0039668
3.871703	0.0
4.639369	0.0
FBgn0020224
4.928072	0.0
4.465273	0.0
FBgn0027872
2.941260	0.0
2.922543	0.0
FBgn0031873
3.818995	0.0
4.899093	0.0
FBgn0031872
2.777371	0.0
2.490996	0.0
FBgn0031871
4.230579	0.0
4.207736	0.0
FBgn0031877
1.663869	0.0
2.471087	0.0
FBgn0031876
2.961824	0.0
3.568360	0.0
FBgn0031875
2.630766	0.0
3.927138	0.0
FBgn0031874
1.044293	0.0
1.356083	0.0
FBgn0031879
3.527974	0.0
2.097950	0.0
FBgn0031878
4.843659	0.0
5.460866	0.0
FBgn0034335
4.178445	0.0
4.380488	0.0
FBgn0034626
2.477681	0.0
2.786806	0.0
FBgn0040064
4.008997	0.0
5.449221	0.0
FBgn0015268
5.979465	0.0
7.006867	0.0
FBgn0015269
1.942170	0.0
3.334680	0.0
FBgn0038134
2.606438	0.0
2.070587	0.0
FBgn0051633
2.755036	0.0
0.784668	0.0
FBgn0040207
-122.037010	0.0
1.199980	0.0
FBgn0051637
2.729224	0.0
3.832135	0.0
FBgn0051636
-122.037010	0.0
1.205938	0.0
FBgn0051635
2.602445	0.0
2.978108	0.0
FBgn0051184
4.617741	0.0
2.395429	0.0
FBgn0051638
1.858388	0.0
3.355945	0.0
FBgn0040208
4.194978	0.0
3.320381	0.0
FBgn0026479
2.405909	0.0
3.275150	0.0
FBgn0050324
1.163295	0.0
-122.037010	0.0
FBgn0038574
4.260000	0.0
3.855715	0.0
FBgn0021847
2.154699	0.0
1.813697	0.0
FBgn0010382
4.960254	0.0
5.179601	0.0
FBgn0051457
3.412371	0.0
4.457677	0.0
FBgn0051453
5.100159	0.0
4.587612	0.0
FBgn0051450
3.751997	0.0
4.434690	0.0
FBgn0051989
1.319754	0.0
1.212819	0.0
FBgn0000119
3.354563	0.0
4.165103	0.0
FBgn0030833
-122.037010	0.0
4.098083	0.0
FBgn0000114
3.517886	0.0
3.973496	0.0
FBgn0000115
4.693236	0.0
1.606323	0.0
FBgn0000116
4.129050	0.0
4.900954	0.0
FBgn0000117
-122.037010	0.0
6.363852	0.0
FBgn0085290
3.671197	0.0
4.646245	0.0
FBgn0085295
4.869287	0.0
5.419016	0.0
FBgn0036666
4.088890	0.0
4.061191	0.0
FBgn0036660
1.751895	0.0
2.185748	0.0
FBgn0032749
-122.037010	0.0
-0.057870	0.0
FBgn0032744
2.286658	0.0
1.073390	0.0
FBgn0032961
5.124006	0.0
4.740680	0.0
FBgn0032746
4.261740	0.0
4.970868	0.0
FBgn0032741
-122.037010	0.0
1.072176	0.0
FBgn0003977
4.173698	0.0
4.196561	0.0
FBgn0003975
1.082717	0.0
-122.037010	0.0
FBgn0013954
7.414332	0.0
7.186969	0.0
FBgn0013955
2.049481	0.0
1.904854	0.0
FBgn0023519
-122.037010	0.0
3.798231	0.0
FBgn0003978
4.472424	0.0
1.922840	0.0
FBgn0001229
-122.037010	0.0
0.979040	0.0
FBgn0023518
-122.037010	0.0
3.232881	0.0
FBgn0001220
3.121351	0.0
3.756293	0.0
FBgn0001995
4.654455	0.0
3.145358	0.0
FBgn0001222
3.832179	0.0
3.189727	0.0
FBgn0001225
4.366560	0.0
6.220248	0.0
FBgn0001991
-0.942409	0.0
-122.037010	0.0
FBgn0001226
5.241154	0.0
5.951551	0.0
FBgn0033569
2.537317	0.0
4.615586	0.0
FBgn0005696
3.242737	0.0
2.515379	0.0
FBgn0083953
4.637473	0.0
4.373648	0.0
FBgn0035211
2.656118	0.0
3.280727	0.0
FBgn0034914
5.408292	0.0
4.804013	0.0
FBgn0024238
-122.037010	0.0
2.702884	0.0
FBgn0086909
0.856851	0.0
2.278135	0.0
FBgn0086908
4.496309	0.0
4.535154	0.0
FBgn0086902
4.681075	0.0
4.813476	0.0
FBgn0038951
2.067751	0.0
4.162293	0.0
FBgn0038488
3.649660	0.0
3.669197	0.0
FBgn0036733
3.764474	0.0
3.947010	0.0
FBgn0033920
0.912379	0.0
0.699388	0.0
FBgn0042112
4.152107	0.0
5.336619	0.0
FBgn0003598
4.593561	0.0
3.943932	0.0
FBgn0052409
4.858835	0.0
4.288588	0.0
FBgn0019925
4.073153	0.0
4.987189	0.0
FBgn0028931
1.501438	0.0
1.673083	0.0
FBgn0028932
2.864564	0.0
3.465389	0.0
FBgn0028938
0.206185	0.0
-122.037010	0.0
FBgn0029512
5.652545	0.0
5.391129	0.0
FBgn0043791
3.676372	0.0
5.221004	0.0
FBgn0043796
-122.037010	0.0
3.122233	0.0
FBgn0000472
-122.037010	0.0
2.778956	0.0
FBgn0000477
2.201282	0.0
2.364376	0.0
FBgn0034126
3.404030	0.0
4.933725	0.0
FBgn0036510
4.264256	0.0
5.192890	0.0
FBgn0031463
-122.037010	0.0
0.634395	0.0
FBgn0039507
2.399893	0.0
1.968888	0.0
FBgn0030330
-122.037010	0.0
4.700717	0.0
FBgn0030484
-122.037010	0.0
1.708724	0.0
FBgn0000617
-122.037010	0.0
5.342473	0.0
FBgn0000618
-122.037010	0.0
5.211266	0.0
FBgn0031682
3.256723	0.0
3.228434	0.0
FBgn0031683
2.927014	0.0
3.948395	0.0
FBgn0015926
-122.037010	0.0
5.067331	0.0
FBgn0015925
4.409236	0.0
4.366409	0.0
FBgn0015929
4.046685	0.0
5.364821	0.0
FBgn0014032
-122.037010	0.0
4.538253	0.0
FBgn0030151
-122.037010	0.0
6.266925	0.0
FBgn0034654
5.971269	0.0
6.123746	0.0
FBgn0034655
0.981884	0.0
-122.037010	0.0
FBgn0050460
2.890049	0.0
0.576776	0.0
FBgn0050463
1.612960	0.0
1.330163	0.0
FBgn0033350
3.966333	0.0
4.262301	0.0
FBgn0033351
3.169429	0.0
5.436900	0.0
FBgn0033352
4.246542	0.0
4.475720	0.0
FBgn0036273
1.062881	0.0
2.639443	0.0
FBgn0033354
1.790424	0.0
3.095161	0.0
FBgn0034816
3.706098	0.0
-122.037010	0.0
FBgn0034817
2.314514	0.0
2.063011	0.0
FBgn0034814
3.596682	0.0
3.735532	0.0
FBgn0038300
4.561141	0.0
3.461584	0.0
FBgn0038301
3.032450	0.0
3.166331	0.0
FBgn0038306
4.411530	0.0
1.746664	0.0
FBgn0038304
2.089092	0.0
-122.037010	0.0
FBgn0031437
5.152922	0.0
5.232119	0.0
FBgn0033688
4.639465	0.0
5.336451	0.0
FBgn0033686
2.611437	0.0
2.088773	0.0
FBgn0033174
2.843169	0.0
3.794853	0.0
FBgn0033177
3.852657	0.0
1.628008	0.0
FBgn0051849
2.805751	0.0
3.316358	0.0
FBgn0045064
1.672193	0.0
2.814834	0.0
FBgn0032889
2.545076	0.0
1.141122	0.0
FBgn0051842
3.742114	0.0
4.120274	0.0
FBgn0032883
1.321908	0.0
2.029121	0.0
FBgn0032882
3.906405	0.0
4.380072	0.0
FBgn0032881
3.180725	0.0
2.193265	0.0
FBgn0032880
3.269447	0.0
3.694978	0.0
FBgn0004579
3.191591	0.0
2.250307	0.0
FBgn0025608
5.161409	0.0
5.345974	0.0
FBgn0052109
2.875985	0.0
4.559579	0.0
FBgn0039943
-122.037010	0.0
5.186039	0.0
FBgn0029722
-122.037010	0.0
0.733367	0.0
FBgn0035688
2.703868	0.0
4.650249	0.0
FBgn0003366
-122.037010	0.0
-1.284269	0.0
FBgn0024912
2.677502	0.0
2.789151	0.0
FBgn0038543
-122.037010	0.0
-0.269663	0.0
FBgn0035024
3.087276	0.0
3.784190	0.0
FBgn0035025
3.960508	0.0
3.919868	0.0
FBgn0035026
1.974543	0.0
4.257691	0.0
FBgn0035027
4.434003	0.0
4.446765	0.0
FBgn0029983
-122.037010	0.0
3.471410	0.0
FBgn0029980
-122.037010	0.0
3.226864	0.0
FBgn0029985
-122.037010	0.0
3.310948	0.0
FBgn0031855
-122.037010	0.0
1.195303	0.0
FBgn0031854
-0.456162	0.0
-122.037010	0.0
FBgn0031858
-122.037010	0.0
1.354148	0.0
FBgn0031149
-122.037010	0.0
5.492436	0.0
FBgn0031148
-122.037010	0.0
6.201817	0.0
FBgn0031143
-122.037010	0.0
2.739988	0.0
FBgn0034310
3.163900	0.0
4.541854	0.0
FBgn0034313
3.775630	0.0
5.280158	0.0
FBgn0034644
4.012254	0.0
4.581447	0.0
FBgn0034315
1.630632	0.0
3.802659	0.0
FBgn0034314
1.418655	0.0
1.915037	0.0
FBgn0034641
2.523823	0.0
3.050523	0.0
FBgn0031144
-122.037010	0.0
1.543172	0.0
FBgn0038156
-122.037010	0.0
-0.655724	0.0
FBgn0026181
-122.037010	0.0
2.642950	0.0
FBgn0040227
6.101437	0.0
5.933099	0.0
FBgn0015025
1.868418	0.0
2.876819	0.0
FBgn0040954
3.234166	0.0
6.166308	0.0
FBgn0010052
1.311625	0.0
-122.037010	0.0
FBgn0010501
4.777340	0.0
4.603023	0.0
FBgn0026323
-122.037010	0.0
5.077957	0.0
FBgn0026326
4.674276	0.0
4.834359	0.0
FBgn0035771
4.051808	0.0
5.344199	0.0
FBgn0000289
5.076673	0.0
5.009661	0.0
FBgn0000283
5.402047	0.0
5.418249	0.0
FBgn0000287
-122.037010	0.0
-0.123531	0.0
FBgn0027588
-122.037010	0.0
5.332593	0.0
FBgn0027587
4.476607	0.0
4.824338	0.0
FBgn0027581
2.195358	0.0
2.452151	0.0
FBgn0027582
3.355408	0.0
2.847453	0.0
FBgn0027583
2.781610	0.0
4.425760	0.0
FBgn0037669
4.534223	0.0
4.970632	0.0
FBgn0030817
-122.037010	0.0
3.631888	0.0
FBgn0037664
3.869865	0.0
3.601847	0.0
FBgn0037667
2.802566	0.0
1.886096	0.0
FBgn0000139
4.425057	0.0
3.973571	0.0
FBgn0036641
5.370778	0.0
5.171012	0.0
FBgn0036640
4.047555	0.0
-122.037010	0.0
FBgn0036643
2.285623	0.0
2.081178	0.0
FBgn0036648
1.263711	0.0
4.064871	0.0
FBgn0038412
-122.037010	0.0
0.713396	0.0
FBgn0032940
4.439499	0.0
4.026431	0.0
FBgn0032949
5.941757	0.0
7.025147	0.0
FBgn0032348
3.377359	0.0
3.918842	0.0
FBgn0020440
2.257873	0.0
2.540854	0.0
FBgn0020445
1.730467	0.0
2.508802	0.0
FBgn0053116
3.529602	0.0
5.230617	0.0
FBgn0036258
5.988154	0.0
6.111849	0.0
FBgn0032340
3.496850	0.0
1.999162	0.0
FBgn0011828
-1.116090	0.0
-122.037010	0.0
FBgn0011829
-0.488379	0.0
-122.037010	0.0
FBgn0011823
6.104195	0.0
5.626019	0.0
FBgn0039862
0.067546	0.0
-122.037010	0.0
FBgn0032343
2.755423	0.0
-122.037010	0.0
FBgn0033549
1.910595	0.0
2.663910	0.0
FBgn0033548
4.784471	0.0
6.077700	0.0
FBgn0033547
2.265479	0.0
3.117826	0.0
FBgn0033540
0.800790	0.0
2.863092	0.0
FBgn0033543
2.377266	0.0
2.131506	0.0
FBgn0033372
3.100732	0.0
2.727107	0.0
FBgn0032346
3.784078	0.0
3.867676	0.0
FBgn0039867
4.359658	0.0
4.216396	0.0
FBgn0033371
-0.144741	0.0
-122.037010	0.0
FBgn0086699
3.049572	0.0
3.950784	0.0
FBgn0086698
1.912337	0.0
3.191114	0.0
FBgn0024211
2.497428	0.0
3.260835	0.0
FBgn0086691
4.153456	0.0
1.647829	0.0
FBgn0086690
3.294469	0.0
2.781988	0.0
FBgn0035234
1.040316	0.0
3.301462	0.0
FBgn0035237
2.157447	0.0
1.493708	0.0
FBgn0035232
3.280370	0.0
2.720947	0.0
FBgn0036255
-122.037010	0.0
2.144112	0.0
FBgn0035238
4.116475	0.0
4.347411	0.0
FBgn0028579
3.676574	0.0
4.083993	0.0
FBgn0250818
1.404284	0.0
0.585311	0.0
FBgn0038972
4.148468	0.0
2.111676	0.0
FBgn0038974
1.115542	0.0
-122.037010	0.0
FBgn0041336
-122.037010	0.0
2.480681	0.0
FBgn0002774
3.473444	0.0
3.777508	0.0
FBgn0052649
-122.037010	0.0
2.875467	0.0
FBgn0033748
-122.037010	0.0
0.642990	0.0
FBgn0042177
2.779328	0.0
5.467647	0.0
FBgn0034425
3.645956	0.0
4.275383	0.0
FBgn0034422
4.086509	0.0
4.536739	0.0
FBgn0052394
2.877529	0.0
3.641570	0.0
FBgn0052392
-0.458977	0.0
-122.037010	0.0
FBgn0000142
2.392883	0.0
2.597305	0.0
FBgn0022740
0.903335	0.0
-122.037010	0.0
FBgn0037898
1.835823	0.0
-122.037010	0.0
FBgn0037892
3.514005	0.0
5.131631	0.0
FBgn0037896
-122.037010	0.0
0.491319	0.0
FBgn0037894
4.625943	0.0
2.719181	0.0
FBgn0026666
-122.037010	0.0
1.719502	0.0
FBgn0000455
3.577059	0.0
4.265309	0.0
FBgn0039141
2.674307	0.0
2.798646	0.0
FBgn0039140
3.912775	0.0
4.129858	0.0
FBgn0039145
3.384248	0.0
3.448647	0.0
FBgn0030178
-122.037010	0.0
4.340153	0.0
FBgn0039149
2.802063	0.0
2.226937	0.0
FBgn0030314
-122.037010	0.0
1.041996	0.0
FBgn0030316
-122.037010	0.0
2.443920	0.0
FBgn0037470
4.902976	0.0
4.874670	0.0
FBgn0037472
3.232633	0.0
3.536879	0.0
FBgn0000633
-1.158888	0.0
1.392858	0.0
FBgn0037788
1.095156	0.0
2.437815	0.0
FBgn0000635
-122.037010	0.0
-0.349827	0.0
FBgn0037478
3.730213	0.0
2.968438	0.0
FBgn0044020
4.093873	0.0
4.928521	0.0
FBgn0039492
4.625757	0.0
4.697458	0.0
FBgn0015905
2.115403	0.0
1.660437	0.0
FBgn0030504
-122.037010	0.0
4.654494	0.0
FBgn0015907
5.229535	0.0
5.053050	0.0
FBgn0030177
-122.037010	0.0
4.441707	0.0
FBgn0015903
4.269460	0.0
5.161816	0.0
FBgn0030507
-122.037010	0.0
4.426959	0.0
FBgn0030500
-122.037010	0.0
3.566195	0.0
FBgn0030503
-122.037010	0.0
2.702629	0.0
FBgn0034786
1.164575	0.0
1.832965	0.0
FBgn0034789
0.620883	0.0
-122.037010	0.0
FBgn0015247
4.036444	0.0
3.900033	0.0
FBgn0033378
5.296581	0.0
5.760635	0.0
FBgn0033379
4.054758	0.0
2.890022	0.0
FBgn0033373
0.351706	0.0
-122.037010	0.0
FBgn0033376
1.632486	0.0
2.998892	0.0
FBgn0036257
1.895699	0.0
4.284842	0.0
FBgn0033375
2.306866	0.0
2.717149	0.0
FBgn0036789
-122.037010	0.0
1.859030	0.0
FBgn0034876
5.360287	0.0
5.326336	0.0
FBgn0034877
6.458196	0.0
6.192630	0.0
FBgn0034873
3.933256	0.0
3.644128	0.0
FBgn0034878
4.788383	0.0
3.740240	0.0
FBgn0034879
3.629957	0.0
2.257452	0.0
FBgn0038364
3.435048	0.0
4.252473	0.0
FBgn0038365
-122.037010	0.0
0.836009	0.0
FBgn0038363
2.719491	0.0
3.011089	0.0
FBgn0002945
3.943245	0.0
2.636354	0.0
FBgn0030170
-122.037010	0.0
4.275666	0.0
FBgn0038369
3.157332	0.0
2.226308	0.0
FBgn0037781
1.635106	0.0
3.603689	0.0
FBgn0037780
3.989208	0.0
1.764763	0.0
FBgn0033155
3.627826	0.0
3.888419	0.0
FBgn0010313
4.463128	0.0
4.619053	0.0
FBgn0015763
-122.037010	0.0
5.076504	0.0
FBgn0015765
1.023386	0.0
1.925745	0.0
FBgn0051865
-122.037010	0.0
3.094600	0.0
FBgn0031637
0.869275	0.0
3.023975	0.0
FBgn0025373
4.663260	0.0
4.557358	0.0
FBgn0002567
4.576880	0.0
3.652073	0.0
FBgn0002561
-122.037010	0.0
3.349978	0.0
FBgn0259823
1.595639	0.0
-0.650979	0.0
FBgn0259824
4.061925	0.0
4.458288	0.0
FBgn0003169
4.765417	0.0
5.167354	0.0
FBgn0042092
3.003065	0.0
3.736719	0.0
FBgn0044872
-122.037010	0.0
1.346950	0.0
FBgn0044871
4.127365	0.0
4.799807	0.0
FBgn0022359
3.507193	0.0
-122.037010	0.0
FBgn0053123
1.868994	0.0
3.945696	0.0
FBgn0035002
1.941740	0.0
2.058251	0.0
FBgn0035001
4.537156	0.0
4.482625	0.0
FBgn0024973
-122.037010	0.0
4.077604	0.0
FBgn0038569
3.388126	0.0
4.039665	0.0
FBgn0031781
5.144163	0.0
4.833683	0.0
FBgn0031782
3.718322	0.0
4.396297	0.0
FBgn0052075
3.606405	0.0
4.509199	0.0
FBgn0052076
0.631080	0.0
4.301151	0.0
FBgn0259791
5.171960	0.0
5.234317	0.0
FBgn0015229
2.582472	0.0
3.595327	0.0
FBgn0064766
2.231448	0.0
2.593387	0.0
FBgn0031161
-122.037010	0.0
4.644141	0.0
FBgn0015222
6.234536	0.0
6.661236	0.0
FBgn0038170
0.084415	0.0
-122.037010	0.0
FBgn0038172
-122.037010	0.0
0.757815	0.0
FBgn0011692
4.503389	0.0
5.251289	0.0
FBgn0040793
6.226373	0.0
5.195315	0.0
FBgn0051673
4.052121	0.0
2.814108	0.0
FBgn0026309
0.211128	0.0
1.934024	0.0
FBgn0051217
1.360987	0.0
3.417077	0.0
FBgn0039773
3.574419	0.0
4.521290	0.0
FBgn0037312
4.908130	0.0
5.259540	0.0
FBgn0037313
4.119299	0.0
4.377554	0.0
FBgn0037646
1.686851	0.0
1.562040	0.0
FBgn0041775
6.506217	0.0
7.140596	0.0
FBgn0037317
2.296806	0.0
2.042923	0.0
FBgn0014179
1.190380	0.0
1.118163	0.0
FBgn0000157
1.401835	0.0
-122.037010	0.0
FBgn0000150
8.048641	0.0
7.942750	0.0
FBgn0014143
3.124240	0.0
2.353848	0.0
FBgn0061469
4.125393	0.0
3.473199	0.0
FBgn0032925
5.019265	0.0
4.104890	0.0
FBgn0032926
3.581709	0.0
-122.037010	0.0
FBgn0004922
-122.037010	0.0
8.399139	0.0
FBgn0004389
6.372017	0.0
7.058474	0.0
FBgn0032921
3.560634	0.0
2.976488	0.0
FBgn0032922
2.663499	0.0
3.403993	0.0
FBgn0004926
4.217685	0.0
3.106504	0.0
FBgn0004387
2.221698	0.0
3.097210	0.0
FBgn0004381
0.416649	0.0
1.370815	0.0
FBgn0004380
1.656449	0.0
1.236715	0.0
FBgn0004650
-122.037010	0.0
0.752962	0.0
FBgn0053138
3.474355	0.0
2.686391	0.0
FBgn0053139
2.343401	0.0
2.380527	0.0
FBgn0033526
4.852538	0.0
3.700324	0.0
FBgn0033523
3.961552	0.0
4.468124	0.0
FBgn0033529
4.849370	0.0
5.301846	0.0
FBgn0033528
2.757856	0.0
4.904934	0.0
FBgn0015402
3.661475	0.0
4.317727	0.0
FBgn0035254
3.641814	0.0
3.494682	0.0
FBgn0035253
5.115524	0.0
5.573336	0.0
FBgn0035252
5.245570	0.0
5.558556	0.0
FBgn0035251
4.404849	0.0
4.208356	0.0
FBgn0005386
2.621017	0.0
3.563727	0.0
FBgn0013334
4.065295	0.0
4.049710	0.0
FBgn0028687
5.454410	0.0
4.199569	0.0
