FBgn0052590/FBgn0246915
2.977084	0.0
2.638764	0.0
FBgn0039233/FBgn0080020
4.039004	0.0
4.807597	0.0
FBgn0030519/FBgn0070854
3.812585	0.0
3.480695	0.0
FBgn0051223/FBgn0076120
2.353164	0.0
4.041592	0.0
FBgn0260857/FBgn0072798
2.692605	0.0
3.576245	0.0
FBgn0035443/FBgn0071387
1.737646	0.0
2.526888	0.0
FBgn0028436/FBgn0070493
2.388185	0.0
2.488940	0.0
FBgn0003308/FBgn0012736
2.508184	0.0
1.707425	0.0
FBgn0032705/FBgn0070320
2.219435	0.0
2.184043	0.0
FBgn0038872/FBgn0079193
3.220355	0.0
3.111598	0.0
FBgn0022702/FBgn0075235
0.842502	0.0
1.081927	0.0
FBgn0003392/FBgn0074819
4.025757	0.0
4.555143	0.0
FBgn0039665/FBgn0075366
4.460504	0.0
3.616352	0.0
FBgn0038134/FBgn0081081
2.413831	0.0
1.653837	0.0
FBgn0023519/FBgn0076016
5.183249	0.0
6.686874	0.0
FBgn0042111/FBgn0075095
2.255259	0.0
0.330842	0.0
FBgn0037105/FBgn0249786
1.007761	0.0
1.845746	0.0
FBgn0038307/FBgn0078065
4.456712	0.0
4.012560	0.0
FBgn0026196/FBgn0249407
5.217237	0.0
3.886028	0.0
FBgn0038545/FBgn0080530
3.090374	0.0
2.011044	0.0
FBgn0040227/FBgn0248348
5.836613	0.0
5.525186	0.0
FBgn0037661/FBgn0071373
2.853183	0.0
2.554860	0.0
FBgn0000439/FBgn0012695
1.698507	0.0
0.003444	0.0
FBgn0032819/FBgn0070387
2.270123	0.0
4.175437	0.0
FBgn0026148/FBgn0071562
2.919353	0.0
3.954897	0.0
FBgn0036503/FBgn0072344
3.748089	0.0
2.723674	0.0
FBgn0010441/FBgn0079269
3.589970	0.0
3.204464	0.0
FBgn0051108/FBgn0076030
4.043535	0.0
4.187130	0.0
FBgn0011740/FBgn0075110
1.265809	0.0
1.540840	0.0
FBgn0040931/FBgn0081480
5.215609	0.0
3.591432	0.0
FBgn0038065/FBgn0079534
4.739290	0.0
4.592974	0.0
FBgn0015622/FBgn0248213
3.386053	0.0
3.456597	0.0
FBgn0052626/FBgn0243936
1.951068	0.0
1.294346	0.0
FBgn0003261/FBgn0070273
6.536035	0.0
6.603422	0.0
FBgn0038582/FBgn0080735
1.488192	0.0
3.427076	0.0
FBgn0039710/FBgn0074801
4.436466	0.0
4.836639	0.0
FBgn0011768/FBgn0079707
4.681474	0.0
3.161073	0.0
FBgn0034970/FBgn0077855
2.813521	0.0
3.459523	0.0
FBgn0037569/FBgn0081899
4.201246	0.0
2.389606	0.0
FBgn0039860/FBgn0074752
1.651685	0.0
2.314711	0.0
FBgn0002791/FBgn0075914
3.419993	0.0
2.241888	0.0
FBgn0030053/FBgn0071436
3.971152	0.0
3.627751	0.0
FBgn0034240/FBgn0078516
3.405418	0.0
3.027294	0.0
FBgn0040339/FBgn0243809
4.650612	0.0
2.351223	0.0
FBgn0005671/FBgn0074512
4.373567	0.0
4.787850	0.0
FBgn0050001/FBgn0075587
2.633585	0.0
1.855075	0.0
FBgn0037686/FBgn0248357
7.961321	0.0
6.999030	0.0
FBgn0039909/FBgn0086839
4.541184	0.0
4.186676	0.0
FBgn0038989/FBgn0079964
2.840907	0.0
2.369440	0.0
FBgn0031766/FBgn0081541
2.491220	0.0
3.237517	0.0
FBgn0027495/FBgn0081019
4.714043	0.0
2.664279	0.0
FBgn0032858/FBgn0070717
4.993415	0.0
2.454370	0.0
FBgn0027791/FBgn0073284
2.414028	0.0
2.201035	0.0
FBgn0051064/FBgn0261651
3.096677	0.0
2.969737	0.0
FBgn0003525/FBgn0072694
4.292444	0.0
3.814827	0.0
FBgn0030699/FBgn0250535
5.209519	0.0
4.837464	0.0
FBgn0260860/FBgn0072429
2.635028	0.0
3.467101	0.0
FBgn0005642/FBgn0073102
4.119806	0.0
3.844611	0.0
FBgn0000566/FBgn0248970
4.265753	0.0
5.734373	0.0
FBgn0037383/FBgn0075216
2.811106	0.0
3.951951	0.0
FBgn0037382/FBgn0075219
3.834945	0.0
2.494502	0.0
FBgn0023536/FBgn0076340
1.752364	0.0
0.385636	0.0
FBgn0037717/FBgn0080958
3.185245	0.0
1.213101	0.0
FBgn0035435/FBgn0071433
1.310358	0.0
4.028810	0.0
FBgn0033101/FBgn0081771
4.177501	0.0
3.065557	0.0
FBgn0020235/FBgn0080474
5.430052	0.0
4.957242	0.0
FBgn0052344/FBgn0076852
4.140258	0.0
4.486889	0.0
FBgn0014029/FBgn0078015
4.687496	0.0
4.651739	0.0
FBgn0033698/FBgn0081360
1.206629	0.0
2.627100	0.0
FBgn0015737/FBgn0077425
4.880974	0.0
4.709422	0.0
FBgn0029088/FBgn0075213
3.200712	0.0
3.934510	0.0
FBgn0261241/FBgn0081078
1.537938	0.0
1.241656	0.0
FBgn0015031/FBgn0072756
5.651320	0.0
4.888219	0.0
FBgn0030801/FBgn0078496
2.344255	0.0
3.006088	0.0
FBgn0037671/FBgn0081071
4.489089	0.0
4.690384	0.0
FBgn0013756/FBgn0246425
5.037290	0.0
4.451281	0.0
FBgn0022344/FBgn0248397
1.486933	0.0
4.890545	0.0
FBgn0038145/FBgn0081364
6.124462	0.0
6.277624	0.0
FBgn0000449/FBgn0071404
2.295579	0.0
2.997700	0.0
FBgn0031308/FBgn0078404
2.754495	0.0
3.952118	0.0
FBgn0033304/FBgn0075383
0.822446	0.0
0.612593	0.0
FBgn0002579/FBgn0080481
7.958476	0.0
3.675113	0.0
FBgn0001148/FBgn0077432
1.861080	0.0
1.015698	0.0
FBgn0017550/FBgn0075300
4.912574	0.0
3.130888	0.0
FBgn0039930/FBgn0244219
3.623525	0.0
4.203350	0.0
FBgn0010620/FBgn0070711
3.554099	0.0
1.929856	0.0
FBgn0261797/FBgn0080395
1.183168	0.0
2.338714	0.0
FBgn0038070/FBgn0079831
1.444669	0.0
1.548430	0.0
FBgn0024841/FBgn0248334
1.418619	0.0
3.030955	0.0
FBgn0033653/FBgn0072155
3.280610	0.0
0.929696	0.0
FBgn0035760/FBgn0081191
3.518767	0.0
3.633079	0.0
FBgn0030605/FBgn0078961
3.829224	0.0
1.979174	0.0
FBgn0034961/FBgn0076361
2.740569	0.0
3.387440	0.0
FBgn0034113/FBgn0080786
0.978089	0.0
2.246355	0.0
FBgn0037809/FBgn0071879
2.703272	0.0
4.771472	0.0
FBgn0035372/FBgn0071444
2.291245	0.0
1.770832	0.0
FBgn0034062/FBgn0081026
2.403018	0.0
1.418653	0.0
FBgn0030291/FBgn0074520
3.039897	0.0
3.868656	0.0
FBgn0038593/FBgn0080132
3.217963	0.0
2.907862	0.0
FBgn0029155/FBgn0079203
1.441996	0.0
2.017373	0.0
FBgn0038627/FBgn0080518
3.306693	0.0
1.761355	0.0
FBgn0036886/FBgn0081667
3.587090	0.0
3.802407	0.0
FBgn0004107/FBgn0070414
2.605434	0.0
5.306682	0.0
FBgn0038827/FBgn0248112
1.695236	0.0
1.581203	0.0
FBgn0040308/FBgn0071830
2.345415	0.0
2.271033	0.0
FBgn0040305/FBgn0077666
2.553585	0.0
0.652440	0.0
FBgn0039835/FBgn0071538
3.772782	0.0
1.131609	0.0
FBgn0005355/FBgn0079322
4.495663	0.0
3.663603	0.0
FBgn0033781/FBgn0072247
4.725785	0.0
0.477370	0.0
FBgn0034495/FBgn0071254
1.276223	0.0
1.729790	0.0
FBgn0035644/FBgn0070405
1.980793	0.0
1.149857	0.0
FBgn0031549/FBgn0073748
2.210295	0.0
2.466819	0.0
FBgn0000711/FBgn0243742
3.925628	0.0
4.146323	0.0
FBgn0010097/FBgn0074587
1.822599	0.0
2.071912	0.0
FBgn0031227/FBgn0077642
4.325987	0.0
0.916023	0.0
FBgn0261599/FBgn0081106
6.881821	0.0
7.350272	0.0
FBgn0030685/FBgn0245401
2.802972	0.0
4.023484	0.0
FBgn0029785/FBgn0077975
7.525327	0.0
2.796299	0.0
FBgn0027785/FBgn0079288
5.713353	0.0
5.078637	0.0
